 24223819190925639X 
 621191580609541 
 374847201508138074 
 116713050209005 
 267359199211084719 
 193069196301217890 
 419970200411181002 
 707231207004010835 
 374363370228847 
 662180191305023727 
 355009880812936 
 483833208612144753 
 494551630722863 
 579410420527434 
 293091207507111576 
 222544921201487 
 920024470822883 
 444139681029309 
 622397198203248765 
 866253560125008 
 417204060102222 
 619228208709175832 
 662519191503199036 
 281071197412065824 
 136941193611156435 
 842688591114329 
 291462200909154010 
 662190195204155362 
 583002750217394 
 383091221104464 
 297621521223902 
 97406520370628339X 
 888639196107039903 
 450753970318668 
 335403850404238 
 949733207810248312 
 403494195611020528 
 929350207912167496 
 125812980819701 
 279351197912221991 
 326555301116926 
 540876201403042060 
 590504011211101 
 731682199905222131 
 429556200706283181 
 397475321010645 
 273826180707866 
 302088900126282 
 794259381209693 
 330958880509450 
 540793193603193941 
 192011191507031766 
 497572209703055049 
 842489700710371 
 443854800725480 
 633204194504102598 
 118863420121424 
 384440203603298313 
 615015209509200591 
 798870198707196961 
 201935910516441 
 345096197906283561 
 902934840829369 
 461802261024708 
 112480241010396 
 736399208807297138 
 479210196209189529 
 923672191109021841 
 902243710823429 
 182502198102020926 
 161728203606205488 
 763215160208663 
 747443198903292871 
 752240160523560 
 699056202506302719 
 517340131207622 
 494640510421259 
 493072197705081385 
 180848193304150993 
 516450970512423 
 950076960114290 
 961588990230282 
 24717820371117160X 
 118892206110139302 
 624670290716751 
 132076197204184890 
 348301190012290660 
 248603420322479 
 288478820727587 
 709569330415728 
 837123230717337 
 240924206808247140 
 612165190302145291 
 574055840202968 
 429201200508277546 
 451210208305182654 
 98122819790901403X 
 281141221215208 
 578667420601880 
 754594190007034351 
 935486321106551 
 456307193911215146 
 552505331212662 
 510580205808122933 
 169137200503163450 
 207593192203018272 
 665826198312246778 
 715782208101081994 
 751908581010679 
 809026230214539 
 210386193401030396 
 363155206809081657 
 388891206412218352 
 868885195910144020 
 537751150125049 
 759000510412052 
 789428206503021179 
 923965131102327 
 937548510726692 
 289346198710198670 
 366133201506031740 
 800296208703080391 
 150906821117688 
 620415191801210758 
 157533371114614 
 168971207603084636 
 797706197401276577 
 217524540921361 
 60251520811010720X 
 122261830330808 
 827096199511289322 
 347161600322310 
 749789194311028354 
 439927270316028 
 450567199202125045 
 862278197709184374 
 837709380227829 
 357223670203616 
 160853990910521 
 724176620612875 
 711096350827423 
 212875190807069889 
 217107500423878 
 573086210919690 
 70132120391029693X 
 583102790413953 
 843450198010110645 
 983515201304227238 
 261844203608082797 
 629641441208337 
 600759201610284497 
 173184130312265 
 508550206210142302 
 540862820606647 
 421600207509012131 
 712704206702121392 
 733353205005077880 
 551712141112786 
 173861196507199135 
 441833230916522 
 721481000627877 
 50901520911222295X 
 682278198905117672 
 302521800415111 
 924936202907213484 
 294647711114228 
 395156200802046863 
 942072205503025983 
 516196192205169026 
 666440360901794 
 418719199211289379 
 626396120904824 
 490059570507626 
 172084860407691 
 322312196812203629 
 635314190305249505 
 566018561129163 
 902084981125230 
 591320204101117501 
 825925771213676 
 294533193606215545 
 894488790212102 
 746758150209007 
 893413820523311 
 219687780915908 
 260843650919130 
 295708202708058727 
 273642200409150390 
 670813197209065008 
 818954190901047728 
 389324203709028895 
 225304120921165 
 529949591127739 
 797358208502090842 
 679324206312226303 
 928495600114164 
 734504210712445 
 240880193209040708 
 546120740101800 
 719770203908182639 
 126820820414028 
 62566319400825818X 
 921407199406059527 
 393861661215863 
 130591230822585 
 87407819240403218X 
 146832551104055 
 743882321010352 
 102625260729669 
 599364560621862 
 57003819751103362X 
 242044200112388 
 718604205803051695 
 644924961001421 
 550248191712255354 
 334534206608277310 
 782513871118173 
 207305860317449 
 426103130804225 
 274299610429766 
 329857861110627 
 320329190510043596 
 681747330906927 
 211210610526950 
 503153320127866 
 852296191307236273 
 396552208910223593 
 909010711117467 
 636201270223640 
 629887207409222962 
 513549141225569 
 575363196510229641 
 337636203003174314 
 932022193002239863 
 224683203212038313 
 285209941130635 
 127435130920394 
 214558202410275567 
 338473780212458 
 130672760502926 
 358955791114480 
 298202190709720 
 610790860125947 
 547077351206163 
 119683440824977 
 11034919220130491X 
 476531194305266400 
 901365205706127885 
 832632851107873 
 960331201209303982 
 232475571021106 
 287406203402217069 
 281210561203920 
 451858041209501 
 26938020090830226X 
 129367194605186704 
 636197194812069975 
 98609519491108149X 
 153045193001119968 
 362004200110057612 
 408611950426241 
 708526820303970 
 912765209812079498 
 310783206307172708 
 860213290610878 
 179358198407271135 
 914100191809138480 
 673126209109041524 
 465850110530954 
 346076750901176 
 408165196710045213 
 288348190903196684 
 824276630514909 
 546584202311103445 
 214639195102218254 
 553621001129020 
 929314860120358 
 652613040203281 
 322834204805183367 
 189481198004148766 
 207568194110200392 
 707662195505108320 
 543509196306076493 
 988751520304293 
 448236208110104732 
 169237203805266281 
 532235191205300035 
 19933519531129611X 
 236533310816589 
 358704140409784 
 165218370419633 
 463895194903017002 
 178357208312073361 
 113433205612146306 
 111260380213284 
 609240160825354 
 306715550821644 
 219171192008016371 
 558753193506114968 
 636947197908166322 
 649347860819704 
 964557390317473 
 838960081017217 
 705898101009076 
 767453191601109444 
 647057196005256313 
 150895206403114680 
 17635320780111206X 
 755521194305202903 
 939459208907184912 
 239949190512167391 
 426154640628626 
 491439340302051 
 959364631230312 
 650997197807149220 
 445498208405117376 
 683404770710126 
 472882190102032340 
 527352191401248593 
 172328197005042857 
 21836619620228038X 
 395932194706029434 
 140996192209105160 
 519801206303302110 
 455835990425512 
 335789841212680 
 121676651019418 
 385589192512046080 
 162170030306781 
 864431198712224599 
 451199206402018366 
 669095771215015 
 61421020021007575X 
 676170261117457 
 544715730209665 
 671903207602020225 
 879906197807132968 
 402328198612259618 
 427352710223220 
 352393206101021200 
 975937820922935 
 643101381012282 
 654147800230293 
 145449205912208443 
 123347440913715 
 989736680413562 
 431998200608116136 
 696894193703154765 
 971057560307335 
 203846531211588 
 988761199802272655 
 470659208810071196 
 977661209211104874 
 68481219210530902X 
 863123070113681 
 912636560201510 
 731842206210165026 
 921996192010053620 
 772815120314813 
 581129250921955 
 881654199404071946 
 794855410803025 
 969442251011087 
 624637191207276855 
 888416203809165389 
 509943198309240591 
 348467194602091523 
 369870209905234118 
 344006731104808 
 829227202006259195 
 335955209605159367 
 720607208512079294 
 103929190606090194 
 510694200901119160 
 467606401007642 
 308751195510254134 
 766470194611174528 
 331295208701282789 
 684734195801036329 
 577980202606216903 
 335202050618168 
 890485202902038785 
 583868051029270 
 137101198012240540 
 167875204409214403 
 314506204602221794 
 889605051106974 
 13516120070402077X 
 207729440122064 
 979588240714415 
 808220198609060567 
 697972190410246598 
 387113206402055456 
 185721140109004 
 105419203102147481 
 523118198301142525 
 700863199309174331 
 373357010124307 
 549030208008269028 
 160683209510289328 
 223526203402085352 
 169912690114273 
 379318194301283043 
 424351205807288603 
 731916195709173029 
 704078060820551 
 612447970805109 
 677951890210516 
 283307760330010 
 428649198702289822 
 333700191306212647 
 677756870120863 
 501594206007257216 
 848131210427093 
 706584195105058680 
 972680201609022251 
 632028670321546 
 284986208010064288 
 81867320930517720X 
 567791410802645 
 826527198101043782 
 945600195008119768 
 345971271014310 
 364513207101070666 
 959880194410041165 
 31796219901123042X 
 149103790326844 
 504786192603177511 
 890246190613051 
 461494011223602 
 301070781112173 
 266904690726181 
 261587140805579 
 232036250928003 
 482880193407069268 
 187377208112281863 
 599741203001021587 
 200178890217526 
 360496840503829 
 182909198712029929 
 358067950820474 
 896499901023812 
 450003202409267462 
 575202340214677 
 258929199111220144 
 120482881104961 
 668787800817638 
 353180100311752 
 935238760320835 
 53695520670916079X 
 103569196901245571 
 468961631123643 
 190938770908917 
 52812920500926472X 
 201350490308764 
 289222380906535 
 392966611001232 
 321274204005030931 
 646723260111060 
 51665920030801158X 
 251926199705291594 
 760390950603575 
 198143590130709 
 291362200605054886 
 361494260907303 
 32549320660325180X 
 144019510312472 
 542836202106231785 
 262870195312285082 
 521856980529003 
 667419206909103478 
 289014681023700 
 649720204709179850 
 112965980225602 
 161678192504299243 
 928876191111119098 
 476058206109064483 
 854988780615804 
 300238300503338 
 730076207108198841 
 400610440409688 
 523867721126703 
 973368205511179097 
 31870619970521417X 
 674679202202171835 
 477845191410055915 
 370235030804411 
 662654270920431 
 826145600807615 
 626652090829857 
 374435193503164035 
 309992270111306 
 238416195604040651 
 268369206110126618 
 828768810415989 
 916763194412203891 
 335600080914538 
 857428840627684 
 714999690114004 
 583447193904148410 
 603174861219670 
 399188000821026 
 747152471223275 
 392870860321218 
 386590371219385 
 176605194212104200 
 353720205405211898 
 860055820111248 
 862702310230786 
 217864020918373 
 29949419360224590X 
 829649510204599 
 912505196606093763 
 231661202505256948 
 663911190303092013 
 618301980917968 
 692159010624280 
 116471580514071 
 111083850803883 
 877723430424566 
 207649198506101266 
 391756195708125507 
 564936990603173 
 56484219920822639X 
 539870700927293 
 51864419220624434X 
 819121760815962 
 113884198008083556 
 368030207312115432 
 875673199705174715 
 493573207902196644 
 484395196505104843 
 175329202605131989 
 70086919250301246X 
 793619910710579 
 219639710605966 
 449996770318907 
 195121192403066296 
 829471205112030496 
 790960194104224496 
 194327400323785 
 205994201303132660 
 614714591226600 
 617599700927170 
 889215208508071531 
 460029201111177199 
 737063205002238414 
 945192481205269 
 652444370922770 
 266039190310199204 
 331363180903738 
 692734191101146399 
 969221194104243719 
 452394206102162879 
 974005200605234129 
 759546191312218569 
 931281840526660 
 887457080217400 
 395049190707032092 
 550914240128841 
 717604192902168759 
 926654201008237157 
 303722194212129107 
 419511461218720 
 340274930719194 
 418235471227129 
 411380510816827 
 298488880327980 
 558035192102271549 
 466150780504375 
 689106209307268062 
 744877207112225025 
 700648204810178343 
 537587207709185344 
 633061199704083936 
 976832181204591 
 289854860314693 
 339377960508381 
 585459510727530 
 182671290505483 
 121605192006198873 
 645239750627764 
 916250190211232233 
 567609196908028888 
 972537730403088 
 943633195305248954 
 612870261119057 
 420518203308030910 
 845461197504304009 
 565098380106008 
 285476200603303572 
 565953450805385 
 150937571207460 
 886907196002237026 
 497296195610247173 
 169487190408265373 
 220804091214600 
 870478208803132849 
 759616190307200026 
 373973196109073206 
 265041220830791 
 417564207907109777 
 524147160722993 
 930336190112070140 
 164572251229926 
 983020198105114427 
 787024196704174726 
 101322410717307 
 392764120816840 
 242649206207183210 
 912600195110126996 
 887593200119156 
 964793170203652 
 831207161030603 
 239198204704199899 
 333243320825524 
 307304207809195868 
 788180199808129072 
 691665130604199 
 931416601219257 
 813510193411185573 
 487734710112779 
 735875197612086275 
 477831660305507 
 153318880424920 
 873450197810292344 
 316855190504096 
 697721800105221 
 950496194201110898 
 812109950722060 
 120846202101161675 
 187365110402744 
 855577221225046 
 408605194908264082 
 17523119680513563X 
 352278196907060838 
 589094690609102 
 505866550829245 
 249498202703288259 
 89459920320205168X 
 473920940824152 
 534420691017952 
 629628192801117939 
 274537260510540 
 115846204602217670 
 680427204703170773 
 208565580525636 
 319819192310227874 
 673987690710684 
 809149198110061198 
 268712290719764 
 333327209409276255 
 877110580510961 
 587133206106091609 
 111076800920939 
 942625390818415 
 146117207901253656 
 318118199702125927 
 137959194405236026 
 426537206403210667 
 656557141227430 
 907823280623019 
 882258250830199 
 910643199001241766 
 349587195011043294 
 381609201309255837 
 400589691211168 
 111309570823341 
 854681651220384 
 170865200109299747 
 811812650411613 
 607181561128272 
 574126660929508 
 204711207310152605 
 256592209202284859 
 362503205803056545 
 186228770224761 
 422750195703180807 
 524301450803359 
 409097160621972 
 735408940714184 
 493360940506120 
 428744851002270 
 324239190226186 
 917339921227247 
 261415790530341 
 455910630122527 
 773617681124318 
 537020670614156 
 918379206403254478 
 839367193112066280 
 706186250817845 
 861698540711206 
 520291170730981 
 236534700611851 
 222896640218196 
 458772200009138664 
 75519019331021476X 
 257120192406080740 
 527490830430772 
 639131560712931 
 681938192004141776 
 544659205706177226 
 253085591204332 
 777308420621007 
 662894150809047 
 955120641112800 
 274817001011382 
 913468192006065863 
 914631980212451 
 902369192403248531 
 742616206004269734 
 764575030414270 
 798865031012310 
 294089204211270647 
 305798193507219942 
 515214201611168268 
 347125196702105446 
 87711620880614779X 
 631426440327020 
 32585519770112113X 
 758733770929099 
 739898520716529 
 104022200121872 
 967055491105789 
 453903209107165043 
 92565619740104028X 
 658059205607114145 
 449697051028010 
 135013150925965 
 337086410106851 
 209992000106322 
 311699196407259218 
 331941200611300834 
 143735530628273 
 506860209006113406 
 265109192001232728 
 878077199711081005 
 484880206404057607 
 938236195010157163 
 842358200808218708 
 449895720702463 
 565173720205638 
 118355197311128117 
 521486511230479 
 618146209901119223 
 366620209607070582 
 572767730511606 
 895463192405163269 
 696619196005098478 
 155272198211265562 
 495667202002278486 
 884590740320176 
 541324570618255 
 91710920971016374X 
 864922011205570 
 145139207812203692 
 147479600418034 
 213060731005753 
 970964690408966 
 594151130603485 
 292278196908215505 
 113789195008088750 
 607095206410201301 
 779754671023680 
 291543207412246650 
 158016581224914 
 929542203508158291 
 575199196310268964 
 745634400708780 
 769668410125824 
 354687390608931 
 413190202711307552 
 616036193707164845 
 223394270204820 
 906578208107236309 
 950890250728129 
 180355203011024044 
 874583190621543 
 412441205204155604 
 224879191706156409 
 318881208409189737 
 329733990209162 
 50025219170526166X 
 435633250830323 
 686205210418510 
 29137819051003316X 
 825469195809040853 
 555144540830330 
 511696208903103027 
 966700360719706 
 287114060720497 
 394023121013569 
 465929430718838 
 354536191403039877 
 856621700411970 
 739259196808184511 
 450130990901329 
 446779200103298622 
 270326420712943 
 169377130829621 
 639899204608182806 
 505881209204143589 
 664521480329769 
 230706840220061 
 531658208001269658 
 454560205512229957 
 662074650513568 
 573855820422808 
 631636193310299327 
 296416198101030702 
 564418860127798 
 720963490106876 
 330318021218623 
 528369390515624 
 637284192702190835 
 835450290713807 
 418218204411171675 
 809543240828430 
 949376921014109 
 142820202712128619 
 851019480701429 
 688780195010274357 
 519368197208218097 
 217694194008204961 
 456791207111022131 
 753867194203086985 
 268249340329428 
 839179100209260 
 644087195110096649 
 247670200202027906 
 322798920221139 
 126886251219590 
 485723960225934 
 128668199908026463 
 787552204209274091 
 661423290328608 
 979264203202306145 
 895875200303307 
 745325203706084108 
 743618204209221452 
 896979197306110140 
 414082020127285 
 893489207405133201 
 897290203403118718 
 188854120704273 
 474075190012099966 
 882362310812997 
 857734171115569 
 543535198906150094 
 689805040110257 
 408439209102223445 
 526955209103140438 
 839827204711302632 
 148650821128328 
 928252081206952 
 852497207503055597 
 335359290219331 
 374256880404538 
 905044202908220303 
 966517250818247 
 216250199810094355 
 561128801003911 
 431829820507066 
 897147500830509 
 587037202110307663 
 831910191708168910 
 601970190907536 
 863558207610223885 
 982166061209546 
 68294719690213068X 
 123333000714093 
 306068120308068 
 784266209507296330 
 685437202702259998 
 689189210225943 
 881104060717576 
 796563191901057618 
 421311208812199205 
 722397560805271 
 216241202412092353 
 818826430715012 
 509019530223309 
 460897191406074338 
 302226206509059725 
 734050205308136964 
 562430201701023903 
 789090198102223887 
 305348199312083723 
 132244201305055672 
 786698207510307283 
 328167190108094206 
 883292190710225579 
 492362350622339 
 536435197002307044 
 163706209406127656 
 823504193210016443 
 272608960919938 
 263463191902135406 
 868108050915993 
 884112206706010487 
 931512001125406 
 941846700513131 
 955030110201982 
 445387202301213870 
 391311196410132456 
 694873751003377 
 66812019500521664X 
 440180800820725 
 639654196804065383 
 382245208006122684 
 699323430423750 
 778466203510214291 
 757126390401965 
 804908198708038915 
 514757560614068 
 376328209312116448 
 574534330224694 
 229822941111753 
 408790620919382 
 772527194707309456 
 885291580513188 
 474875200805301983 
 620886205207086174 
 287281194306039153 
 200978740724476 
 206235970626584 
 860202021111774 
 517207630722087 
 507625197902283820 
 161399540727279 
 351524270406165 
 482827601011760 
 315110880515457 
 896690206209186602 
 272917030722088 
 863188194802157676 
 214690205508044410 
 700143206806170413 
 331125311204847 
 604832390626310 
 61677719620821036X 
 847445001213050 
 16425519101126513X 
 227987170530992 
 618551208207152593 
 512675196706109000 
 177947193408298946 
 221687650804126 
 576414208404263889 
 478335060829415 
 779361200908010222 
 603861520820948 
 821976190610290324 
 356268680626272 
 769362205509213617 
 325280204311182121 
 176900204609205219 
 428542581204761 
 786406199406174095 
 399949870712636 
 412466192012161515 
 578352821105965 
 940280208102132101 
 972905540217643 
 869187760427909 
 199974380420952 
 88226120260113868X 
 839945680829719 
 811918441126744 
 750603195508239261 
 209660203601259725 
 114559200102016 
 453763980611703 
 379757198112241823 
 876262420318590 
 835828206702092521 
 760039196904097462 
 698432900503584 
 247876360401769 
 562335211208575 
 418020150108807 
 126711199408082921 
 615469841012363 
 143417199704157309 
 720042191103086175 
 217949180902695 
 409434600801555 
 125667410124986 
 976272190720399 
 508656190412140618 
 853263961016577 
 254330199905102011 
 346706209509034368 
 808039208208309977 
 602742192911190390 
 384483203803119369 
 857630192601288661 
 944759202011094950 
 571844206705112564 
 657596170610270 
 803817206107128698 
 589446040109287 
 495364207407236361 
 815714660225360 
 901805197809164224 
 37134719730530323X 
 632450192806148904 
 759719841109182 
 885263630225671 
 979438206208050189 
 840246197410153907 
 427494381006019 
 293262190802302760 
 297650203705085745 
 931673202111134895 
 519612208905215361 
 697788204704051557 
 415275195003025974 
 48357119260230716X 
 59198319330402188X 
 707441207706307439 
 775288195205192713 
 17392320610229904X 
 963422670420257 
 410184610220791 
 469118110927408 
 331207660127468 
 206941194601249529 
 394368421127204 
 296573196301013751 
 557370750523896 
 305517620226864 
 450224198010113560 
 154774610407814 
 622270193411276559 
 238022195303256430 
 194562207204214133 
 103290209005155199 
 797911192007299629 
 96191519450624752X 
 56856419270804997X 
 540385191608286083 
 106526070713524 
 48330919550812923X 
 938962203001067238 
 189120203012233478 
 246380191803168982 
 843348201610125138 
 345986700216131 
 482889206703220842 
 321999160418351 
 784351091229488 
 218982206606225518 
 855604720227007 
 504098050304344 
 219129197112097194 
 560400200212151578 
 525954290404956 
 400118630124864 
 344696730308179 
 701500191610054806 
 762792197109121789 
 617913330826334 
 884903199901037636 
 480449205611071669 
 19590519661219810X 
 202619194907225099 
 574675600813906 
 136534141114751 
 75120420060317664X 
 57114519211030481X 
 329672195011146409 
 283501191506244883 
 687750196111112594 
 643829710529149 
 774121207901279227 
 56570819550426955X 
 842129208303094932 
 461500840802172 
 70363919130202449X 
 709563203609293277 
 854704920220355 
 209753480721448 
 353719195701168838 
 497708203911130707 
 619693791107274 
 327477195605177771 
 774795208011159066 
 880218010430263 
 828671200701195418 
 921147861212740 
 855208195707164721 
 661381195005086739 
 175204204006296693 
 240815550125718 
 553077321205173 
 316293209102237069 
 167748190201025510 
 791724561119794 
 292057199008286486 
 259640400313277 
 314253030819473 
 841399420403698 
 550996194312206770 
 558367209805258122 
 973033204202299185 
 497141380717841 
 974048690417749 
 527200208603290725 
 644980630516699 
 673237199312174881 
 867654208005086840 
 571587194905287490 
 387729203111091252 
 150091206203165118 
 881613950801256 
 513581151230199 
 45019320990329689X 
 433493280908116 
 338523205410070822 
 700930190105134917 
 242238560716248 
 309211200611283016 
 630504750409639 
 276261350624315 
 305662196003269518 
 838834193204116120 
 276485196209123488 
 907104181105710 
 663768208706100233 
 600771201812178527 
 570175190710151625 
 187992630412710 
 465284207405259909 
 836561203610281821 
 819517193311028053 
 599665741215752 
 426888190410451 
 743687361219388 
 505931570526076 
 714295199403045729 
 862651640820836 
 473228860526590 
 47279420301205494X 
 580575206611135812 
 359023195804134759 
 103362270510773 
 931474193912140041 
 391096810712972 
 568095205603231813 
 821863180703666 
 362408193602019172 
 217649194910197257 
 234896400724850 
 407151790410152 
 940891680918298 
 846431810722527 
 225251791005595 
 229427194702180775 
 640542194005267917 
 293391194208290018 
 104826200109019931 
 97071120070119891X 
 607665711224926 
 822745191102237185 
 51884019090528055X 
 123856190202268074 
 838710970230239 
 732366220110696 
 914799150519625 
 970055230114890 
 616643200802080014 
 289368197406061619 
 528770200101031287 
 91775919661121624X 
 160719208510111946 
 103018060916111 
 179069860303507 
 674181100508906 
 382897240305076 
 261551209303126401 
 616601205606279762 
 142712110328973 
 559452320530046 
 285110700414536 
 404164940329046 
 894899207104270548 
 756866430413010 
 543592201201239502 
 689569700628448 
 48538720970725497X 
 989670630330806 
 135983207108258436 
 328674811001305 
 219915490801071 
 250857440519595 
 559438206803041093 
 501907197607266052 
 555348200909052508 
 508354201212073944 
 309494311006827 
 436579761215380 
 760272196310146180 
 110711207706206601 
 388597208312250411 
 697296800406691 
 412919931017689 
 251554191611069599 
 161617440828461 
 850404197505306521 
 948788421214220 
 707100194304063147 
 454342193911280113 
 481013204004166375 
 852197160427938 
 152073205101209898 
 441069196911091653 
 836009430605120 
 984016930520198 
 57821819350621141X 
 803283194305040313 
 207023195108116289 
 726306950122343 
 878188970917158 
 475116195802304190 
 445053910810663 
 860353230301682 
 218789350503949 
 797502340808226 
 125826881005597 
 493123206407279936 
 415251951101859 
 471924780712547 
 749172710902973 
 697085200312237010 
 615147401113252 
 583638360220540 
 874127980913631 
 485225751129393 
 592228721201290 
 862600671004519 
 778880191707201458 
 835820193302266962 
 885600491218527 
 203057200208098149 
 637933680206519 
 979290531006991 
 303993205304226048 
 259842204001213976 
 113604280826268 
 594961380730889 
 293750861102380 
 868626420321038 
 906140202402066932 
 817933209711207573 
 897381520520814 
 916826181023647 
 443854204001043860 
 158376199402186027 
 421053130320625 
 744305197808247854 
 743469281129028 
 421034921225564 
 241283198910159155 
 130199205811303302 
 942693751004385 
 25489720630924950X 
 919092204806125028 
 69408819180605740X 
 280280130709158 
 880842621224291 
 165069196011188874 
 135305730929678 
 341176530928007 
 539024870412987 
 353073090320138 
 473290000328303 
 601464208608247682 
 737183980422608 
 629303250523808 
 779090050516593 
 192604202004136083 
 974055207710307367 
 850641610911213 
 390948197304098321 
 100759890615870 
 612323190512097773 
 931584430827237 
 120360261214429 
 700865530706531 
 132609196001194775 
 566730930808639 
 316071194401179910 
 243757470810904 
 578919860911213 
 158985761125433 
 120287207705262955 
 946017670925958 
 657193194709144569 
 452434196906169477 
 883814430308921 
 829054991130603 
 877609241120641 
 608889700523779 
 772270197201070641 
 399208140425210 
 939452970929293 
 340479208405019735 
 916553551023638 
 585867207409262352 
 942256540114512 
 621250193805267640 
 967627198503023573 
 352551560629729 
 575993820208799 
 291551202410249497 
 22273820860417543X 
 917377207909295067 
 132844195109178226 
 604994197309256524 
 869477209012218881 
 503834203107241576 
 575087204903188537 
 978619830708102 
 147503195004253609 
 539428201005194098 
 868141197908165958 
 164150208602259554 
 531297070726933 
 580882206208044264 
 674583208902027537 
 526389204909062330 
 351996207710137586 
 271009600717808 
 834622560118382 
 721767380512342 
 352956070304243 
 889291198005133664 
 196312790227476 
 770204910503193 
 361158191003163981 
 865657206505187626 
 218250170620807 
 685951981228990 
 563797207207210052 
 338608201904211553 
 683796350524226 
 901541260205518 
 415582194708297720 
 896812201303158654 
 481290080902262 
 571990206206247110 
 667411751119489 
 592914440908113 
 311798203703286867 
 989472150814042 
 98271619721203016X 
 528881000207079 
 827396201212031213 
 136442195208018507 
 644361430225530 
 570448209910180097 
 461529150401018 
 175970070230071 
 260478208903085672 
 265669860902370 
 308722910921423 
 842638861001529 
 372769205605279721 
 504352193302100952 
 574897196110249095 
 948470380615859 
 299166160528128 
 85007720020628568X 
 486013580601965 
 367385550628582 
 918509570422892 
 40101219330728144X 
 906475206202180612 
 171854660501175 
 386781193701022404 
 747324530429561 
 810911196708280946 
 963338194306284780 
 989282661110877 
 495955200619994 
 856273200708090006 
 476320261023477 
 450634711202676 
 373554202312048022 
 226219202910167746 
 663768197407016398 
 269453970624358 
 171728201103163779 
 741447198408230485 
 681150530727414 
 49650519501027348X 
 75879420690502822X 
 182877550223866 
 662224310903330 
 585863920415852 
 368477960225389 
 684093370223235 
 972120191905213773 
 437793210526903 
 710169870520338 
 381837191512129781 
 388638430323585 
 555045250520427 
 557734580604146 
 724581111203352 
 617788090816962 
 429240290121802 
 478896480619235 
 66626520560426908X 
 94262620261026281X 
 772830195306251439 
 536434530530532 
 320767560924609 
 382422250901127 
 738397208512242398 
 544335170829281 
 108899101213462 
 576054750817289 
 572977781104002 
 454356202311120334 
 235069200207309894 
 159132204803028118 
 577047600925652 
 929006202601290886 
 124725791023285 
 398309100724925 
 799360920201099 
 484793180115293 
 137902290925495 
 717193201306152566 
 816137193706138533 
 865496900229826 
 333337671004748 
 380669207009294437 
 953574300801106 
 491180920111548 
 892054510708298 
 641221200112761 
 727277203901046782 
 729193290413744 
 721517206312258678 
 842198209805290155 
 363857209610103177 
 770036203605276556 
 20546420781016785X 
 487917551206437 
 105828860821919 
 644650620629142 
 914725207509046977 
 746594191903093922 
 381870190508236579 
 850298620602854 
 931806206402260950 
 757370530414726 
 98446820540311541X 
 601127240518310 
 673521192306015084 
 410148930913565 
 964974380202351 
 685144170709930 
 216027990623847 
 973655721010467 
 494824209212034616 
 900827191801213668 
 416530220211273 
 208648209306229885 
 847502202201039325 
 641182207403277326 
 813688191312156439 
 65676920090109649X 
 868770192303266249 
 712682901221325 
 437164200105898 
 860628260822373 
 78446120850710821X 
 428556290228848 
 659948191008244438 
 542076580616109 
 115215203411075713 
 440432207007203904 
 281879480715531 
 210993780311869 
 607242900126327 
 961792510304156 
 795516191212029679 
 730524206002028352 
 760936310630888 
 291007207411302922 
 546253350703692 
 168421196807022060 
 726476206307175312 
 174562199004101949 
 307192611128308 
 349507208903041880 
 428582061218276 
 270142200002039479 
 379403401107140 
 731337202306192222 
 123017330608549 
 140938511002502 
 538405209805249178 
 535183600623332 
 540188720717373 
 387513870328734 
 861436991229127 
 622436192405089501 
 681157260902375 
 137766206208252478 
 432394940211419 
 17637620241102218X 
 393400820729477 
 400459081117849 
 715410480912671 
 274281199912261944 
 943295880928820 
 864594207204116300 
 684427770816932 
 636913441221520 
 876436190509184920 
 646422197308155688 
 240858190207010455 
 811699194501216131 
 702524191107125784 
 643212198002127217 
 189864020913465 
 944896490914602 
 558235791223663 
 571090194909030286 
 414626194702172032 
 983037203403052199 
 711630720901082 
 342211000624227 
 250369670503810 
 277978195912129394 
 576548861218900 
 78645719290321844X 
 248080207406171177 
 73793420341203407X 
 787528651212645 
 185383198209297983 
 711421310405794 
 969999151127812 
 285663910904648 
 504972190401203916 
 71358720740927133X 
 266949170417138 
 846056190603059060 
 617191202407267137 
 773662202201193978 
 78217520121212785X 
 871023830129886 
 540443730225246 
 660500480616296 
 742656461008612 
 802717470224733 
 941436980306712 
 270928203709278307 
 175881197812267613 
 225830490729701 
 822555205808245943 
 392544198201275761 
 912252198911255576 
 239686198207054775 
 61646919420805925X 
 597232341117607 
 446592197602051025 
 914703195206257107 
 939388280713116 
 724237199410074690 
 553721811023686 
 747829200521808 
 240132400220443 
 276662200612131279 
 927980191909294537 
 769479310604875 
 246169195406043276 
 30498820190207492X 
 914633191109167788 
 817103194304029400 
 235065300111759 
 712910201708099490 
 854616150619764 
 460101990324835 
 816723196402224100 
 373944191506303814 
 461240501117769 
 980813081205439 
 242884680207501 
 401337200702033544 
 806353209406072888 
 154596205002276619 
 969721195104183469 
 987153070908864 
 345366202302024553 
 42900920240304738X 
 485115140812699 
 94188019930712730X 
 276657199610207612 
 660474920823196 
 331241197207050254 
 565162110421876 
 280448190704218639 
 464117860229614 
 848346990917515 
 872834194705291328 
 563029194310138604 
 552215201110106682 
 963631209509041921 
 210907790130087 
 215103204705218999 
 422856209305100182 
 916988770405669 
 877340800301088 
 582860200206036651 
 945318204310290754 
 931213206303158419 
 709059110824491 
 43856520060724730X 
 739024600621389 
 763969490129148 
 873957091114009 
 623199790228232 
 864453203102135904 
 197256194209106857 
 358291194508186951 
 340989205207046282 
 575892661020993 
 772356691220617 
 595790207701070373 
 919720290109769 
 515061910712628 
 503848431125129 
 356538194509250841 
 319161331127637 
 979752110305174 
 576905197512081589 
 805335770128724 
 398728209206105156 
 568466190620472 
 544179200809201810 
 425051910428169 
 686492730920298 
 929391391018190 
 108420091015745 
 234687191412139971 
 336725310813456 
 140518120416547 
 572364700930902 
 227320193009020065 
 361796981028635 
 120045070708862 
 246524150330274 
 933651207210218042 
 790422170909707 
 382980500810225 
 417764030602369 
 608433890729837 
 519510340602390 
 117539030206611 
 826797780301723 
 399905920725651 
 153306870426541 
 641507070728429 
 297706150521486 
 128740400121148 
 246048190509148506 
 681127207806139221 
 288048196909033701 
 298034197602193450 
 985147481222777 
 360297561022598 
 55392120760424401X 
 775068200704298013 
 744761209306304023 
 130805193902229499 
 485658260528458 
 640343204702189251 
 732271821104448 
 301563202802143709 
 434053750429261 
 609161420802435 
 621450541112159 
 565805240212569 
 742505205712262644 
 126071881129779 
 443650202101078713 
 916361200001024065 
 694867199306198142 
 199462192208223821 
 16917020370626306X 
 458925205112070081 
 376563290523780 
 281166080811153 
 605380880221757 
 156538811001215 
 878443194207175019 
 273255540915088 
 499453202003029897 
 46950820930502863X 
 693252480625353 
 396462194203222558 
 907333601223310 
 938734209109169413 
 424813200801212860 
 254129000909912 
 901806208808043064 
 600776690616974 
 903561195903191139 
 487044193602086207 
 134438720212462 
 514176330730296 
 783746080511047 
 475915211015209 
 372732201201150526 
 161213209711099003 
 742523195106177905 
 826380195908250682 
 207989192211065424 
 869715000530147 
 707354190010230251 
 802222940326509 
 72061919760127619X 
 215446209010307861 
 616708610414699 
 309876204312053168 
 596441205206203236 
 316064190506265164 
 145996490827593 
 812619190308194898 
 943390540513712 
 283901202405093993 
 779610197310274120 
 177938921217022 
 615261195611015849 
 315132140814652 
 811103950818215 
 78839220521109100X 
 579072192106236038 
 819882450630162 
 824662207512287093 
 375313205510036923 
 655989190105207298 
 430467209908108015 
 166410751122897 
 315488370916374 
 169077480607136 
 412199207202063467 
 979906207003146956 
 939079601221288 
 237610199209094336 
 430409193505031138 
 766848196005270155 
 159907190403135118 
 505123194409086553 
 802767203102185523 
 741252204202181314 
 929759341129901 
 812313490609675 
 483604970803476 
 883812208009265871 
 152361451227365 
 307570950319573 
 502113530304911 
 354263205608069934 
 472848680527240 
 172645590625065 
 240964203701199452 
 824373951003649 
 877757192512234007 
 141234195504099203 
 898904961108290 
 861004130215778 
 520598250511367 
 487177491114309 
 776950209007206955 
 361672870228412 
 757319210614183 
 293079195901193747 
 264908990502515 
 528935940509067 
 393167195205197722 
 227770206403133133 
 906671820912799 
 674609950117005 
 797306320127598 
 427597100809955 
 541700960117286 
 348509194906154634 
 614932202803036933 
 524129830330328 
 96979619120513660X 
 410861501204770 
 228880204903242580 
 887551520427309 
 626801620216853 
 574275193809057113 
 276721091027765 
 171282481018463 
 142962730602818 
 457161401003361 
 890968170612138 
 886889204404206173 
 597634890827827 
 846483194706148009 
 14145719460428125X 
 179974240217919 
 567236191601135549 
 653899196807031106 
 455476197404134177 
 944434280618750 
 420995700822634 
 904318550207243 
 213665196911188395 
 473231270311187 
 125368631125925 
 320187190311237577 
 534384490904479 
 849673510819949 
 161690080216638 
 530409194004194693 
 79562819640228113X 
 203395030103800 
 325607208712202430 
 663718195909126690 
 597838870522077 
 529678090301776 
 218763220814768 
 427427790507338 
 91362519060314301X 
 644518300724696 
 68680620620714615X 
 262448200208232531 
 349108560605855 
 615954209507192140 
 231984440913250 
 359031192209064310 
 848074193008234154 
 810936203310188126 
 901947197404058746 
 461842770201425 
 113785207705169555 
 262717190411126816 
 245856209107047736 
 947430360917825 
 942133010319706 
 594518860206539 
 462228721018486 
 134954590807343 
 940450510714455 
 115094203708207391 
 240661204704026890 
 588754205601286569 
 690273208711132239 
 596554202007298409 
 657506195308046180 
 792711250218933 
 541791080722803 
 383929194708305945 
 637283160207540 
 799520202702035099 
 783393710220797 
 265874196801137914 
 664315241119579 
 972696841028084 
 899928198305266416 
 174785740623607 
 320247300408333 
 399007151115008 
 209680860517712 
 854661631017297 
 594807390202544 
 230358191203094022 
 831891220811479 
 216908880310386 
 370534220417087 
 810927691110004 
 658865560715546 
 796462641026741 
 20771919410707986X 
 458803180621543 
 672529480706981 
 487600440805088 
 532275195704012215 
 669877194211016465 
 178807220128720 
 28873420450730949X 
 185583194804036530 
 533203204106252789 
 612060320101551 
 253373193405254287 
 161419650820704 
 741468780610464 
 204174690227172 
 526656011017274 
 219685140103450 
 500332910725290 
 621695410328075 
 574929770418893 
 838225301220777 
 911888030918459 
 898616870301698 
 276192191202102450 
 211347510830616 
 294537651201619 
 227357330407145 
 956772811006226 
 140892194201174104 
 359174201212017876 
 670053194407190736 
 519369192510010812 
 865584050621393 
 501937207205238001 
 896893193511280559 
 85974620770309411X 
 713001199210269825 
 619108195010226248 
 122321195712255801 
 324053150301074 
 145136690307235 
 895665841116036 
 105734200403122287 
 831643203302297730 
 273933820420553 
 737314180724848 
 179861260725055 
 865161206809088723 
 425669250826419 
 454305202901226429 
 555551020828628 
 738331410110853 
 835099430406316 
 92802119450222576X 
 433206201811083941 
 924243193211025569 
 658177171123751 
 353187196111293664 
 858056190405176452 
 502683540812809 
 266391195010186230 
 169168030313138 
 887737203105131003 
 678008206011189143 
 846397190101033900 
 897531971002285 
 53103820970515380X 
 868685202105163610 
 168179192305299742 
 506925901114687 
 94848820291130163X 
 505977770804171 
 183279201403019199 
 352817191001216901 
 413663196003128487 
 434287196312206883 
 749306201106280420 
 930274200204186721 
 984036194601095346 
 117299050121774 
 542382195411123933 
 137750320421102 
 716728196003127913 
 711327780127756 
 167010431014738 
 338670100921277 
 600055300719073 
 143527197511030489 
 54073520980925355X 
 166549250828087 
 525576195304191609 
 693050091001006 
 179210200501026754 
 295176208805191684 
 138809320907800 
 891404206001071117 
 161874198106245062 
 230043190703021018 
 930573191505030120 
 343472193806132665 
 903098192001292126 
 182385491006271 
 107249690524562 
 379122680802600 
 315393711214791 
 696879190108130065 
 290165204710035671 
 156177760517572 
 818750204306145263 
 298747160115823 
 81363219800828338X 
 444706194204279992 
 114036200608307336 
 633293720114044 
 408525202908048773 
 743906330912181 
 860465410821198 
 749388871123286 
 308378203605180828 
 704543204511171334 
 977493771009248 
 654640060808821 
 581339195703232676 
 454652410323650 
 608962980728988 
 175475070418315 
 702135030509407 
 515836197011266756 
 389281690224248 
 920958209310152110 
 423334461111842 
 120250196109217650 
 545798196704030338 
 667256208603156868 
 839944130302290 
 179831206006259906 
 469953205709228632 
 231007191801204948 
 804522350314592 
 561261380525950 
 558626203402046217 
 818910197502279036 
 869195400617657 
 913882240212900 
 765840191211281973 
 246508791018547 
 812039160230640 
 119937940424941 
 963625203101079384 
 175671193701145032 
 62981219320630001X 
 63139320130428941X 
 883308206504082503 
 569737030115370 
 767586199112123985 
 160780203806110639 
 141087209811127846 
 627085750403516 
 753190205310190085 
 205222190912258217 
 248474192805200429 
 555412400610569 
 750142198607276064 
 450762240428208 
 502313191811047169 
 275665204310307713 
 262052191004087686 
 182608196406123609 
 133597610814132 
 584107770923944 
 831917171207449 
 167884530328005 
 377970197505289366 
 678631890115895 
 432651202102012714 
 319745610102169 
 26277320830813095X 
 531442661225372 
 13893820210103450X 
 407512380507293 
 248025197812192763 
 385999960917180 
 521329192910282243 
 901963521224773 
 777760010905062 
 175898601111321 
 68865519900221229X 
 863114191501125649 
 140725420709548 
 308849250506014 
 84928620970712889X 
 741263530410107 
 936439540202188 
 384646191001241649 
 547773202008243855 
 290345200607063341 
 745790202210211031 
 125014350716986 
 822968810814733 
 359435510512580 
 982594250508873 
 534265470104158 
 167189620815785 
 603597530210884 
 505445190812028684 
 782252950124312 
 984649330714086 
 311237070214871 
 706410760320478 
 448465860723996 
 224290940225310 
 134157690914988 
 944724198412284766 
 972707193306208894 
 302846060412266 
 244493199103068883 
 781755209607273058 
 165271209502291473 
 267311741027518 
 26631320411020233X 
 888153110614140 
 939294520118506 
 105231191611162655 
 430817205709165893 
 702326204810196454 
 755235202305200012 
 797799631016755 
 541997201106298847 
 225062191812261374 
 848175670312180 
 983678193211047293 
 817772193606141074 
 810963200407187588 
 833243207504148083 
 217299207703089450 
 595677610123829 
 526437720717635 
 542060193901134993 
 352579201410020722 
 389597101227588 
 353594191105187383 
 15273620921022773X 
 472131340519488 
 456254301227699 
 368079980612841 
 638932194711195481 
 258492410816738 
 960035060227310 
 893933860126945 
 354935191402267816 
 719253199002061933 
 971409710615639 
 845011360112018 
 403497190307101423 
 667814070709587 
 79821919581225437X 
 336714741212014 
 834512198701048685 
 602623120623025 
 843996251026615 
 286031196703123797 
 328629060703472 
 43049320860414055X 
 572978710807398 
 881497231007082 
 849364206304125766 
 115647199812213136 
 976898891107191 
 115347310520074 
 696994760121896 
 145772193610155686 
 186054390712104 
 826860220125313 
 547783831017814 
 827112192705215081 
 218340510126989 
 378687320116830 
 335985810706293 
 370675191703126039 
 150586540107393 
 775798207705048676 
 493476280803686 
 422304191409077152 
 848339440814672 
 491504510727622 
 387165350306359 
 582580197107085180 
 652244271112857 
 242401580716177 
 214264198603188520 
 593805480702128 
 243318270105578 
 41262719831224885X 
 600518208205118292 
 261815200409041966 
 914638420112362 
 421173660125140 
 629927198906155913 
 567716341203974 
 335653480824924 
 919084201105140983 
 191383196312084661 
 819799204104011909 
 365160151107500 
 553458910210645 
 880796209703296888 
 142566721223990 
 754610207409257859 
 643290710829946 
 952131205812207369 
 797920206306035792 
 457410205411194937 
 710569500127860 
 501128208907040816 
 207318950920598 
 800588621023087 
 69610819520317808X 
 497086196209073126 
 429211770512066 
 823118991127221 
 310472781229331 
 484789194607295536 
 187146196304108744 
 232404741122353 
 530809640325627 
 152287202409280660 
 989587202204152000 
 441710441013161 
 690035200201239939 
 553183080608025 
 575429201012206864 
 924534195201149191 
 941774580203013 
 732222199509129080 
 549769207612302574 
 301445195205034017 
 265572660202588 
 310622206309232283 
 200151207212271655 
 683806197101182932 
 293092199902259356 
 661747550518216 
 977201151128189 
 685537209512283468 
 804548192508274280 
 610371190728678 
 909070420226322 
 467440421214570 
 113137208301295893 
 749042192803035120 
 313892431018979 
 378727200924718 
 706094196012138938 
 346772060602183 
 506493195012159551 
 697853196504276856 
 628256010821395 
 323079410319353 
 181286190617015 
 526439740612904 
 831465600210661 
 464834130516326 
 742082010308976 
 791666207410041384 
 638632911126122 
 410204521013467 
 503350910417211 
 472113197010157666 
 883077191202085389 
 253012920813124 
 84652920610405478X 
 932485080427754 
 157132831013123 
 142595540615782 
 646972150112007 
 697095440623251 
 100414400903619 
 488387860603514 
 880705211220982 
 432329204107304634 
 643988202804021423 
 168148194610062287 
 625319190422344 
 69978520820907956X 
 932267204102057229 
 900793151012333 
 602911206804184714 
 329164650306024 
 496338192311122191 
 742555740229212 
 790565197608159178 
 339882540821834 
 618457198411096013 
 698409192804182561 
 440223203502287922 
 310015870626838 
 640582570914420 
 160767194404020264 
 736591199307102507 
 465498070714370 
 465684790221399 
 652031191707244943 
 788963201801293680 
 850398200904245910 
 762746190408290142 
 295937198908116282 
 231863171206238 
 355555204406182649 
 777416440516121 
 560847198005078648 
 652404205808226237 
 496813140416678 
 321754351220644 
 311847199002065605 
 739725195910261365 
 664045206405175690 
 715184351106729 
 206940691129702 
 575852100401172 
 843189340129848 
 314198193012083855 
 557372981103637 
 417366970226216 
 841012390501054 
 726075192302281239 
 578844561207584 
 555422751025231 
 307225500909194 
 759701192402218837 
 909221191205180401 
 797989370919186 
 662879991110925 
 459842080407287 
 776301194702260533 
 791097531202294 
 300404206307230781 
 629867580725174 
 100035421108789 
 480324205810047386 
 925558121102133 
 564839208109046443 
 757941210715052 
 781346360825153 
 936334820423460 
 374104208703285203 
 284774195306300330 
 780704209702016420 
 151956200411180460 
 43105620090302874X 
 162733197809143343 
 495261951101176 
 845446197508015099 
 286127390419275 
 607006206104208545 
 780251204410106997 
 267184700905130 
 434930199712098726 
 761127195401226993 
 459471209406093980 
 711837197602286801 
 883292050524553 
 969442671215719 
 41084720680817295X 
 87253820241121416X 
 951174205910027918 
 521957280816468 
 344766250424986 
 837976195311131372 
 849846510313846 
 387297110929331 
 275212100117924 
 535934500512718 
 378069200618873 
 665535050618343 
 688115198106029703 
 198714541004548 
 468688190303006 
 141462510718690 
 33209720351129946X 
 138519199910043428 
 107999051230000 
 538623200704161 
 551542631130269 
 234596880307093 
 775381196307156291 
 194029790106265 
 455833541027074 
 362920199310051389 
 490332990113779 
 196530361123717 
 211138910517070 
 717102191811083761 
 242154140418462 
 650604470609070 
 618471290106186 
 856392310417816 
 373018198002156368 
 601911192303194852 
 769298020527672 
 252650207009012100 
 703742160918717 
 681208480403141 
 239410830518298 
 845452930907330 
 794703204612213946 
 55095919900807906X 
 72360620180626404X 
 490947200503142657 
 620132208806057191 
 615940300806290 
 590974460514547 
 335202790316793 
 158508194802117257 
 537243870318498 
 719342270622030 
 423195650515640 
 149281206805096174 
 348420197912197410 
 208592620310602 
 863905193705223322 
 956013750517236 
 62538020751002956X 
 812410198301191606 
 481234209109225196 
 566854192306095730 
 780086203507044409 
 126736120302378 
 422106193605298837 
 675210210507876 
 237024870823146 
 713311120205377 
 42925520940421489X 
 714756121211909 
 179205190709247693 
 103360192112138962 
 178868207010183184 
 380765630806341 
 684691191401227676 
 957469195008299455 
 245132192412168774 
 485521208708123566 
 531365760425701 
 561976205707188883 
 177710840311819 
 206559200805072053 
 327006201707265438 
 237135760317676 
 790829050313031 
 124978204512146975 
 247245530202541 
 945773400423029 
 127231190103154323 
 196903203002279175 
 894026202108024490 
 405759206507301593 
 903870420405475 
 414812090527681 
 773974480607082 
 782792200409274599 
 68653119220404912X 
 141636207612041117 
 413476321229555 
 730983204407140336 
 315146960514666 
 839688209307095721 
 743371320912478 
 499023281020805 
 477769206907171743 
 404439410902704 
 349242203604015572 
 475353690330713 
 351839201606110821 
 529074195412195821 
 203253430118794 
 150011300309346 
 712118208807156173 
 871731194704112515 
 388236198911178863 
 602034199602151077 
 961526203612150306 
 779850810126162 
 548971205802199450 
 625842790102955 
 547074205512025196 
 229180202403171723 
 615030196806137876 
 587381300515513 
 634093202502063457 
 492701690508337 
 797434194810228241 
 803641202809074815 
 713223194309268800 
 908328140818822 
 891017202107229231 
 848598210329228 
 798349670109675 
 657075191108244031 
 196968193204182672 
 928912520329571 
 555135880504280 
 159824181002586 
 451867820719492 
 177124341105999 
 806251920212898 
 213198960209409 
 526205620725453 
 973426090613698 
 637130194109096548 
 687252431204259 
 763333710423877 
 287240380310985 
 443983120725154 
 643377194810283708 
 280586181104437 
 420628209309159367 
 987573071121613 
 548607130107126 
 165639931129584 
 965363750805886 
 463362190102106569 
 856951590527115 
 179527801126974 
 511540631222619 
 224301690722999 
 925064204402019851 
 955414205309292680 
 755678195007140060 
 456805780115820 
 482845190406827 
 383376205403177728 
 831699200529316 
 213800540511097 
 197246471025281 
 129211204608289930 
 425150320514807 
 874614310127917 
 311712821214418 
 169393192210105581 
 92127720590809597X 
 784951090921127 
 181281751207550 
 19387819411003419X 
 917489930219132 
 135561202307057719 
 866859193807142476 
 293453290712670 
 201860300606401 
 286855570915857 
 149280130620225 
 217979190511097681 
 145983204710169522 
 485270840504510 
 956872700410189 
 663466193610154483 
 502054205503269978 
 755061960309900 
 921665207208139586 
 983789198005150247 
 983446090817635 
 728245220216080 
 849081201303309957 
 665465200809012934 
 89540320620703567X 
 909702198211241214 
 744222193407063964 
 582540370101771 
 199576280101904 
 313848204107142051 
 961474290302574 
 227396200001294633 
 778437207603120019 
 769258200706308011 
 590261350122365 
 686340700520379 
 725610031004083 
 50648219980223959X 
 343827191311205754 
 22615319920213876X 
 674917195808044223 
 371957690730095 
 612013201012146187 
 444440541015696 
 219630198810187378 
 467092330409660 
 829806201101173917 
 673784202008069907 
 186489209607021642 
 19215220281224982X 
 587435191205777 
 511000510815480 
 662219197312028695 
 728945204004228875 
 435737650123567 
 536788194702295491 
 148121361225198 
 313939200809122329 
 325526191407307459 
 145646120820584 
 845772410127408 
 460844800921553 
 138506850901602 
 612160990317726 
 724119060430522 
 486658194908102404 
 738824170720474 
 456238204611073927 
 902884207210278165 
 516883160720576 
 489705206704240080 
 499096880223784 
 21136119731022397X 
 662461470622588 
 205813741030199 
 784285206203045932 
 338229520719648 
 605394401002157 
 550582030701193 
 157197200305045317 
 786450209208286189 
 668697330113178 
 173483191601231436 
 135346197309157037 
 52585320560601005X 
 346453209706134782 
 395136196908226519 
 795357201811021739 
 491580651130050 
 297486203802162755 
 970438130901430 
 242537410405063 
 484448720517000 
 147085193402211933 
 576269191225962 
 746162321115111 
 503999690214867 
 807971198710302952 
 607915208508177583 
 475665205110036450 
 856665201712082321 
 652134201512294092 
 311524590216463 
 489032130320731 
 848739640804037 
 269785199404150898 
 728441204211295368 
 324890650630690 
 943286195906214199 
 393875050806831 
 349220200508035601 
 381094911004464 
 633137080623983 
 522772800327157 
 128060140309695 
 314847199512099082 
 748150194909260134 
 299477204204053273 
 814185530511892 
 800122191108284036 
 562825201301195857 
 217508198903093245 
 582060330329542 
 984689206406050732 
 367644930417180 
 881848204505221295 
 557202191904158879 
 287600710216461 
 249035351011325 
 223853380325393 
 225607202402235499 
 302348210221275 
 165138090728310 
 841719194807197110 
 787629970202296 
 764670740830722 
 706175030517048 
 815475820625213 
 869026371220244 
 352370200002164694 
 289268011014203 
 891322921201739 
 892135971106741 
 432982196106098803 
 197159350110789 
 581220204808054985 
 475090770923912 
 285527190806191056 
 775787197006176557 
 379566192407059218 
 383935850214551 
 981253660706306 
 14407020480809523X 
 168180420304391 
 759049203705126312 
 690784230807288 
 557979081002383 
 252641208302166130 
 168307110826624 
 112549070923482 
 914326520130748 
 895370620519014 
 428985206112052725 
 228974920617002 
 566346190702064354 
 549209204311282576 
 795387209409108841 
 257328081022297 
 380361510530808 
 195910930320132 
 417086280628989 
 419458190911299898 
 952363900618607 
 965017651001836 
 287137209110197341 
 61823620990617965X 
 262338198901036437 
 312244880627677 
 212658194402239389 
 738546191407198370 
 246002430319010 
 510469201211266186 
 664465203701078127 
 828971270918419 
 391163670102782 
 611377190407141405 
 974840199805263908 
 525106202003264912 
 34803419210811277X 
 764318350630596 
 318801192207072188 
 176441661101158 
 340898591109449 
 564313831105259 
 109448091119497 
 184252690905865 
 247569280115090 
 971976200611397 
 459482209812298444 
 952875780709123 
 18694320021104083X 
 257949196303292538 
 772235205812065291 
 773049205112110083 
 498573641227938 
 891954730902419 
 478469200606070672 
 277918720121132 
 765068900320575 
 206175500211554 
 758658350207276 
 525967200011075423 
 529724205002292670 
 145005206108140699 
 244760198205280772 
 821770208207089321 
 56885220331221891X 
 352428190511292911 
 386891193505181549 
 355661890218269 
 216996260327771 
 984362790203852 
 367067198302041912 
 32706019650414952X 
 793319205611108729 
 450000193505284924 
 270023190205179209 
 127775301113251 
 240975070928144 
 818789041214005 
 753710980413664 
 249950191312229914 
 893399441025961 
 561309960627314 
 944895193502153679 
 187976198906228097 
 655593193009038454 
 193744199803193729 
 641344360615853 
 969641190108255969 
 264560021029922 
 629140570103494 
 206180370227482 
 194992197802120461 
 715576600112835 
 416097280814109 
 939732195911230987 
 705378200811027693 
 900717490808466 
 404732207906107908 
 239799209805185123 
 120163360810035 
 184588881113592 
 639396205003136625 
 223787203703071828 
 11627819230924608X 
 647565170703341 
 476007194308169251 
 636146660813235 
 762265051018444 
 474372530701879 
 413712150207884 
 969762760217278 
 727592910102460 
 928177205502221251 
 553670100828334 
 220860200101050339 
 912651202708173974 
 540853420107699 
 792571780101083 
 925778541126088 
 344805160121334 
 312056761018031 
 493540290819642 
 721315270518375 
 714552200601273957 
 304655192511205414 
 282985205001304875 
 741189080121052 
 638029191509036242 
 696873870908316 
 779193540619616 
 354377460624556 
 375014194801268908 
 396202195909166027 
 187954206302287113 
 293271196010221046 
 611925194305115429 
 875520199105062159 
 545317311206178 
 402126194605258756 
 908366197601136567 
 610040203310245489 
 783801193411249110 
 782666198905104159 
 780568206103159102 
 760444820719280 
 740625131224347 
 270802590207761 
 762988209601071471 
 552812310607195 
 245427203602056357 
 621672200304212946 
 978092001029112 
 172978520305428 
 435034202004145540 
 395831680621189 
 777623351210073 
 718494194605206485 
 612546691101952 
 971932060510800 
 222485192807062661 
 273835930208579 
 957491200105910 
 686410206504289103 
 914736830521771 
 686674195703282215 
 313976197102254540 
 343078204409016613 
 748022760623829 
 370527201505273342 
 198029201012135769 
 260782460422866 
 824353680124048 
 669066380213504 
 923911271204429 
 389737209012264158 
 517325202708246705 
 885317480430654 
 820555193207275521 
 605626202408237394 
 855444204408073579 
 691122270126390 
 948477203702291856 
 447588207003047280 
 468985194206172398 
 297235280422943 
 695596191709126867 
 345809205809180605 
 750188202310091843 
 148810201011021049 
 918690980707059 
 946394196809243484 
 923579460427064 
 314594070626799 
 314214201712124297 
 323765510220536 
 111294690610458 
 254426560603406 
 882694204802221856 
 396167195007239691 
 773439040910246 
 495001881004087 
 703849260309730 
 831992880923415 
 259316207203165913 
 552025208109123090 
 897232190202048128 
 127205811202296 
 666538760503843 
 765875300106030 
 887544197404260091 
 587199820206352 
 887773010317795 
 533314210921980 
 332809110319641 
 985088199308132217 
 153637780330244 
 17992219600321018X 
 411358490320040 
 945758199006104190 
 557537331130984 
 62725019760904581X 
 584839410523653 
 783381199112287104 
 219659198208091544 
 699009440211458 
 834987450224032 
 820288841019956 
 500124201312299921 
 973485209802055704 
 768073190610234190 
 237232191605016919 
 527262590628855 
 618462350130380 
 377906071114537 
 191347200209083752 
 229189000211783 
 403611640917596 
 399148381015608 
 443853192603035092 
 353236550819776 
 286400450817708 
 276059198210133762 
 679690170630010 
 626920200810028663 
 125569651013769 
 951815320709540 
 561996198007305109 
 705159850125167 
 746087200702203387 
 400391150322976 
 856015150109800 
 25404520541106279X 
 457419001126096 
 464868196111292903 
 677880481208704 
 322617197607081694 
 217043199801021100 
 610737050912522 
 551018202712190144 
 864725204602101282 
 608723191028886 
 560840661211282 
 634256204012150666 
 117169860908864 
 397580600229495 
 255665202709085394 
 90155520520920589X 
 460004830706156 
 336243203406265354 
 853172140106240 
 274218631024824 
 86155619000618191X 
 538895360422063 
 407379350119152 
 160358192212172591 
 418828020730158 
 121261340823601 
 376239770322165 
 403843290506071 
 710164361106416 
 807287870823603 
 480932510810899 
 229629192506192963 
 896806770807248 
 826897191009184240 
 482205201003123081 
 16272919710411862X 
 130087860413884 
 590129750919409 
 259315198806215376 
 576739208407227152 
 592203197201213253 
 401868192101044519 
 284356310620409 
 169037194812037115 
 682074209402221338 
 882894520905216 
 931230209712279647 
 291894192010020064 
 624486851219056 
 406488641027077 
 340571150328917 
 56517020361128142X 
 485907205906025319 
 615091193704059741 
 743714860807856 
 913350199402012635 
 716735861018353 
 67177319250724194X 
 906228192901268792 
 205797194507196244 
 702479001004389 
 580859280719917 
 644208199407285547 
 362866199209298685 
 929805540420749 
 610083204603204760 
 500183091123594 
 393241206704069299 
 268618195301111948 
 902853480808184 
 524435040409165 
 972757331109035 
 308585190102180580 
 680393410326865 
 313737360914644 
 772262160105330 
 178831100214243 
 715554390225744 
 958879941204595 
 393261194811243572 
 410545206407201322 
 731300771029644 
 106132190011073681 
 239081207309095765 
 529328205105058652 
 504262230401099 
 152783490707719 
 463852196405013180 
 142118540310525 
 652380208106109888 
 756567121104316 
 799309200908129179 
 137721197402197984 
 947945810330028 
 444885199204118845 
 181865170606988 
 280429204502095819 
 534573207506253988 
 195261300106186 
 249607190105154576 
 822659010313526 
 639042203605296491 
 557938202709164253 
 583017250729690 
 203399200609191337 
 857572380616645 
 477405810930654 
 120574205002259537 
 616183190602287196 
 572651198309045294 
 611770820825087 
 974067341226394 
 291827231126601 
 551520197309051259 
 758051192811062284 
 267386450204834 
 787200910718390 
 953381891219613 
 176559450527271 
 743502192110126201 
 754690191810174134 
 635905194504260656 
 946524193801103102 
 93806520610213148X 
 423445380228566 
 475012191511019747 
 909314860907663 
 386916202209296553 
 374647209702216104 
 348950950807216 
 77464120580409696X 
 397217840216555 
 444293651214738 
 842164910227378 
 183188670418222 
 500348060310938 
 956681900210357 
 571950530911513 
 247800170428043 
 792069811011577 
 175354192403181176 
 864045800806326 
 705682202209301858 
 160856181022543 
 961315710330126 
 533468741122845 
 753689208110098531 
 829514200107045907 
 885843209209208798 
 953660150813552 
 928110861101416 
 911444720106990 
 220229171207939 
 763386731128134 
 841941561101199 
 215626600713432 
 599916194012084145 
 655908690427381 
 650687131010535 
 466730931222831 
 50450419331213809X 
 335353205910277113 
 866259720617060 
 632158203009010239 
 659627870915946 
 483692270320331 
 218669207801043153 
 727950200101032 
 888306830106965 
 462628208909248037 
 770353350817712 
 406460331006590 
 82184819820611472X 
 940866197009173052 
 632943000118107 
 291496020523472 
 475485208612299620 
 638581195410111996 
 400491310509620 
 373965120803826 
 648322630309422 
 63183120610417645X 
 754827195912169923 
 57306419640509157X 
 467001202203245276 
 976029490715006 
 624142290617178 
 818824195103136677 
 723727110718376 
 73214220680216230X 
 159605204912109812 
 798674251216467 
 449453640420344 
 453066280806254 
 629023206103277044 
 942015200303589 
 347747205908173300 
 724146850825247 
 728334200211075662 
 225584351026780 
 611656191209086041 
 629317980201559 
 300147204611148110 
 164223204707262973 
 162712203911108852 
 875640940517994 
 131414204903063897 
 206578760726708 
 874363040527711 
 932262198801049501 
 373805190810078511 
 45909019380321051X 
 267294194001031366 
 976468200309135936 
 524081206207156336 
 905058370318744 
 274475140514629 
 789163204104283765 
 71186219610629615X 
 623329202402271088 
 116988330328683 
 989928201306046843 
 296964190110047859 
 647053860830381 
 531180470326020 
 132007901214937 
 755381720701786 
 518394711005819 
 944528670124925 
 320104501106140 
 791295198605032925 
 550056600122658 
 902550209903054669 
 981576240411906 
 323579521004892 
 468900205104120772 
 245275440522136 
 826783980509057 
 532514950504581 
 620949990626124 
 414466208603201240 
 274429194609224284 
 237205207702028303 
 406000197812092884 
 674605196401016005 
 727915197801017221 
 650599204605226178 
 403735120726171 
 885505570204449 
 498862194503234947 
 859444199412192024 
 966234194804162133 
 742974590420386 
 855313340605625 
 304663199612206204 
 662032490708059 
 874979491206697 
 897579300618912 
 749782191301286642 
 512155204204305680 
 820718721017098 
 837517960302990 
 317955206403278611 
 427787193607181252 
 107034090324971 
 646173205505235756 
 281156202507286232 
 236731260324894 
 75769219000709665X 
 831593420101315 
 380360193001209638 
 259203491116011 
 478097141002303 
 558816750411722 
 235289240326841 
 399514860621118 
 897244740204255 
 63584419960124381X 
 692480970907162 
 565952208206109180 
 355415160316515 
 484642190909032087 
 753441208608252810 
 372098205604116296 
 470102194809165246 
 823139240829458 
 100774680221031 
 276272195304201607 
 320474930225352 
 578845200216069 
 253274550911165 
 763423850809323 
 159191190304072089 
 944716360407556 
 239794195403137772 
 322373206008278401 
 192026200712247881 
 766230300114440 
 222019870901829 
 300281191605069870 
 856812170414112 
 732157191202220204 
 576520198911262406 
 465853580823448 
 367572201203174957 
 344284205307239748 
 716887510222632 
 280472730922814 
 588402390505474 
 505172203808135586 
 162187651217944 
 624970680415486 
 309660204901262672 
 192380199708047606 
 111540720410401 
 259113480927282 
 480598810423505 
 208520440521889 
 628896420114431 
 379485631210080 
 788630201810263010 
 170890060311588 
 411760420404649 
 906118521127585 
 220781191104051282 
 398328204110251565 
 883274197908062154 
 157585204111302757 
 515026199401199383 
 12755820381217525X 
 40691620860214038X 
 375871220829039 
 560828270719331 
 444734690720594 
 320918192705105950 
 567912196709123218 
 632100211215484 
 521573201502084531 
 675306208012194559 
 277402193708259511 
 897830781002913 
 67839319701104355X 
 865487202908164504 
 390963203703249392 
 544226500518847 
 579389260214356 
 762735196104030589 
 249840310905480 
 160235380902368 
 345386191803225815 
 339365760710511 
 167608290913981 
 868664197010280925 
 62372220090619269X 
 476503194002070558 
 695569061003867 
 784906207703087166 
 924094201102237577 
 506189199710141588 
 273524197806018788 
 549207202412294375 
 935826190103156444 
 19286220440524416X 
 765224960102534 
 279288199007062823 
 113810204707128002 
 535754204308103832 
 309426200212072504 
 727991191008095190 
 249123197408239544 
 260868192403076285 
 599754701022328 
 334222202108168558 
 706296207507157484 
 185479120514906 
 968354021016606 
 832931194905162732 
 629649192702282390 
 280921190309175922 
 33032319900902668X 
 510925880527422 
 119285960504893 
 23973419670306622X 
 860265900527951 
 929618206501223004 
 596675202211088275 
 669335199009019998 
 687865205011269713 
 594028660725871 
 409260198107131265 
 258248208607291205 
 938389690622235 
 311110196510287815 
 106857190711213560 
 254314190807113981 
 656356850905266 
 730522191802130755 
 543829370605071 
 722313070611925 
 198960460417960 
 801319110203133 
 169511591123975 
 218752410829493 
 983715590402473 
 768888197402082315 
 210920198202176460 
 915332209110239498 
 287361195202289663 
 957182196611290267 
 935473380407238 
 733732200111462 
 971201451101019 
 644048021204653 
 831920240527301 
 275327206011265217 
 874539041127967 
 989284950723562 
 396585197210119694 
 646073321129488 
 195337200501010045 
 338660199511061920 
 273595130210822 
 898914204903019620 
 104865450224184 
 230089110304649 
 309323197509292933 
 171728350405164 
 795794680507408 
 895947203604086501 
 655339380514669 
 944740550211493 
 662366193005309326 
 575815190003027201 
 191602880807843 
 684875192406236968 
 497751531123576 
 468274280510785 
 629293511124412 
 407223260401500 
 714118090520563 
 461280260919850 
 945417206708111334 
 216972196802261873 
 299767470212905 
 610157571008455 
 392800080818087 
 639346280311564 
 501004830611635 
 270171193811090449 
 759075130119519 
 668164203708208114 
 945713711030336 
 933734370209760 
 718419511217696 
 312660000608042 
 137363390312496 
 508734431102503 
 786403601027546 
 850941140610871 
 443795195408028961 
 454622610622718 
 855667900112496 
 587285040103262 
 399744194403057274 
 518367191302034143 
 566718840226389 
 473529190429713 
 168506540906498 
 163631191910217494 
 375733071107939 
 937995230101310 
 534374930420120 
 761617191905276218 
 56266820050124253X 
 299414760117460 
 575493870525540 
 570160880720589 
 754519200311323 
 531970741001168 
 667133090119379 
 278033192203116966 
 499227571028717 
 812294190712056787 
 451877800219166 
 381163201501147399 
 746491701104627 
 660227192003243005 
 437420200807172694 
 481207203112027661 
 568266197308078192 
 722118208611187347 
 157014195908044478 
 949647205004280636 
 253636207706255581 
 460226207809103896 
 387118130816408 
 861174197506117216 
 826429199110100952 
 716880198210296090 
 25277219530501778X 
 668335197703035651 
 211153209707041053 
 663653361223123 
 139154060704880 
 896621200509049521 
 490512271227661 
 851064640609431 
 871156590609887 
 551353202202169850 
 447031209412051932 
 13415820410712805X 
 526835700420926 
 193640203305091803 
 969642209803089628 
 75846919640821718X 
 733860198409217907 
 904798202412166778 
 65524019490511574X 
 901462206510084451 
 209095196811063041 
 37239620760828111X 
 195171390630995 
 536184321223480 
 184516195002089406 
 475505081229702 
 165677400601049 
 424952207010191406 
 264004070825585 
 819501192007205239 
 195221195302212349 
 987663650705474 
 176561680830287 
 931645206505236033 
 291790205205284531 
 332797192802064620 
 946599209812234827 
 766102990730519 
 816331271104960 
 528485850617157 
 663074193209304581 
 254002290206286 
 751614190802028687 
 225609206004066654 
 256380191905167194 
 342705160501011 
 877238400330772 
 130274620113925 
 579812204709223989 
 250174196203191984 
 304320201501133279 
 93783220510427642X 
 644896193905150578 
 656024206705087917 
 192414196008217324 
 319879197805053529 
 342522202308308295 
 769114193601020664 
 310460050417441 
 843846197402111386 
 523689190708092768 
 130294020712970 
 426695491207207 
 837890209301020183 
 633914261129757 
 887436330614877 
 92717119380204232X 
 317353360106959 
 585818470119834 
 292321920916499 
 165733850511598 
 878080193006119531 
 782056761207913 
 243777460627285 
 662568209311016753 
 529225380825170 
 114408450805871 
 445170204911168887 
 571325204411076852 
 328489207804017540 
 227831195605196390 
 344220851103163 
 242492860329041 
 625337811008327 
 430945205212149157 
 327661207109176125 
 631778220107719 
 173975201409065151 
 914968360121565 
 753298208302102554 
 216618198902107089 
 486498207404143581 
 723350200126159 
 206786351121063 
 618781010816101 
 555054070210023 
 652223198706294327 
 526914205902128659 
 57275720290124728X 
 786730021005704 
 223077195601110884 
 363861161224390 
 92799620290126207X 
 790282950416791 
 764711204309100817 
 148848450510346 
 368518881029444 
 214173900617388 
 322876390223509 
 183136040621258 
 808555660815610 
 384850190810012365 
 246492202506086513 
 907328205901169996 
 829003209704054547 
 116632100801044 
 126025206210214591 
 607014380130984 
 881606370827665 
 366685210307830 
 415338195012286013 
 543177198407072702 
 262002891119848 
 288904207201118944 
 96547620110604561X 
 790342205407083615 
 961907207209073402 
 618613193507020826 
 378583480509768 
 935148195905029388 
 247940120518394 
 332973202608089510 
 41923120780318912X 
 276101199401088644 
 525446100502638 
 791823196002275693 
 334372204605204764 
 944797920101016 
 756341194407123504 
 981121560227971 
 904576071030066 
 118865520117764 
 954881197503157158 
 235182250724181 
 246130150427989 
 429474207001293176 
 375475197206161682 
 941690300826930 
 552433209202165733 
 526918205912241321 
 90616919450727492X 
 211688190002250053 
 777674920106123 
 171018202606072022 
 884983250615919 
 631061580530853 
 73109820860430981X 
 738291195403108858 
 355448111104066 
 125005610120531 
 225317460206716 
 227065204506096384 
 244369204212194960 
 718934631226439 
 435894196602125159 
 445474681003602 
 515767208407170349 
 316708191503086684 
 186550205807277414 
 446931961221930 
 703386630403799 
 774768209311044099 
 684902199010304081 
 155456610514029 
 315700203303173527 
 628554140102131 
 502115081020305 
 342791411223071 
 324281900110278 
 274601920430356 
 406658207009184565 
 434216205008182618 
 462312207305041663 
 404599560628974 
 241464190820319 
 576146490223682 
 766418601108056 
 420563220201571 
 225485193105147733 
 56002919520519868X 
 543907960313995 
 180442192707192215 
 56977320180108121X 
 320004180618611 
 762539770615176 
 746793206305103951 
 391409190707144489 
 321431196509220500 
 699275950414979 
 915316890808802 
 231398551121213 
 299204170120635 
 612410470128710 
 122194860524686 
 223672201501096148 
 372118194212026493 
 189051360522686 
 564015711011852 
 726201350705031 
 204392170420499 
 776379440923512 
 305139870128901 
 923171570621057 
 492630191304047821 
 197605203202138156 
 333034200527505 
 164686100914486 
 255719790610556 
 547122330623285 
 499928191104034335 
 922469202408090498 
 248659204502141485 
 265116191412260259 
 326285194709179927 
 523714121004324 
 319349194606106110 
 774286030308797 
 35568919200603245X 
 193457205406183079 
 704645460727274 
 562929204410272745 
 907594520207481 
 785463340106836 
 989633206612169937 
 33067820030213548X 
 321613208407281497 
 864899203409280947 
 427206270215534 
 562522201010281837 
 404097197701171016 
 236206451123275 
 790360208604037551 
 599821200803076048 
 417993197509101428 
 693590670604895 
 933121651009743 
 946959208309187362 
 669816680721086 
 643363280207375 
 525264720606274 
 879029198509287713 
 751132950609904 
 462577207611258491 
 695997370819169 
 668754196210241601 
