410248910216684
205163202702190385
696306199909133289
977667950605429
228760207405152453
783659020820912
955575790111886
773247193904128817
31538220400915713X
327378203310112253
162695840920533
231099780408988
868603190910026016
437131192005229035
382938671123791
466413250812757
241657195110241499
975652204204158986
436731651002879
765216204408199728
754289150802376
874621192510196207
843861196810082552
355806198207018390
240258196307273598
478109200417446
532800800917640
509168200410059533
654479194605288811
618957891024444
149670204512147790
742817220723939
304790208806280697
609372871128557
591840110829039
451967400318586
417520199809259836
355732880723902
566780760223628
154272270908762
674466190810101
472118240922657
487757621002795
221115203706119983
774139203112064995
581234611114120
974767990412034
232402193604267372
738686193812023473
444034191210367
983438820607620
937666195404185924
254054208612125710
712555195609164170
190764910803036
911953300927754
134062570517522
976620720110276
218975191011649
470230203508273871
982643741126541
312465380612184
760439191901168516
754223198604143452
439241198510252836
825704192708165273
150607200103177618
117856197401224792
367836202108204009
794598206310120931
696718140508533
660832410206235
632148990408443
489913192701176025
192434881123547
539965205904050115
976496197804228591
110769620817080
584692670417580
798307192711192306
668946750630865
326613120624717
198019270921646
178910741230962
804435191912082414
894425208601042137
332152100329230
596980580813822
547700331129423
727292010515845
149336610103841
383047900405927
409130470804260
30530019560917460X
527688511009996
534756191404211882
626366670401151
830717991007647
566178190707043131
120711198403309751
686196205712298455
857330206504198297
251035200107184173
663072209205088076
443371510711452
978062195212306172
950412206905154278
405966192310118765
404583671230088
392443206612301898
261695060723035
810176193303044364
230516197709051043
735313191611225330
921496691215273
731404731025915
117791192207022743
44342720160925241X
547524461219759
131398871218747
290739200801303424
890486860830420
649194920303773
933100560928127
583871202705257862
257318090130735
985783790704442
658063205910121886
539224120805508
590698200206189452
359963190408290783
698773020519428
91671819131220404X
899622199309064843
159812207810091214
112150020118647
193383960601962
313899840809984
576568540320519
626917360105663
135870199510041768
725166190012177991
527981960422558
666422204005273538
29280020220311766X
810499207808188752
820305691127885
702899205012109509
755434900627054
428180206906032550
188810460204692
465461210809099
618421980722697
197432790201892
35315019160324696X
162812780723218
744279201812284634
437902205808098326
109300206112303007
653029193505111799
357924240405025
897513206502095900
403844940922081
296758194309204242
301155621119251
759148260924796
798057530201916
602863220422747
556690194303083413
346751207702223011
644813201310111378
610063202603066350
51607520930928376X
408483199809083529
793187209807202566
303192190408038345
551306420118157
711731720723278
284147207104288640
26631620241222912X
356781205506113281
972622202808257954
457822820203634
522774831201930
845295208307295655
567619480710041
51273420080813474X
423399195002180905
370355207410224913
847071204803145396
859439191612213649
165372193112033993
451348820820350
474614131107394
480096150330245
702011201602224040
683209861221383
148126197307183292
640707201302131158
386083770601192
624034207502137925
787977600317337
367104194911194464
267010050113545
512106601205900
791163140221942
325635190705237011
688244198005041152
444784290716357
100248202309134173
888455190910289776
668785500402179
456659811012292
151240190102212006
647711193110024796
454948041015215
154409203108167673
445932191208166388
958471030821141
116794206002085567
892814207402012569
520556206911287897
417976205407244576
897847820223721
921295206911099484
768028200101215374
824025208001086457
458634201111236885
244207198210179748
364922810721102
627162196811282946
651961521228437
899294202410023699
672949191201108066
367950196402166710
639911231103362
156736370419167
484061196603059699
898009960629631
105442410630210
124953281209315
242838600212089
386035090526365
114326206708046152
465042220911059
882658520408868
280053198001308931
675655760112412
33690819151208135X
228958131220686
697976193707244782
624173940105702
218479820407571
759582197511061125
635968400121509
185414207709235625
815649208901170294
636377195509245423
442865500214595
181665250404567
381960700315016
289007191805109527
336573199103245372
87944520730521931X
407049202503114249
127323190502066518
464795198310134591
424943670614613
489881194005108692
863458241025195
188319208510190190
287755081210598
965736190309083160
349873550311938
408064206909264087
89326719810923399X
681693040926882
754560311127786
764458200006239143
205261650413276
205551471212208
535003460203482
496707250909362
658491193310058812
406450980706103
376896205006155474
418951204203238312
107764190405116360
825192197808108062
230901481020815
46851420591018323X
517400196807178702
787504205804014468
154306180512114
492068208512252638
379485751202916
672306160517650
773004197004153917
761943901028655
379236193611028630
252554721004098
467222130607477
356188640125913
540388170421905
721850193208061477
351368451214677
770843204112126504
858187011226564
898758193007034910
638742198209276265
464089830618278
682683198204201744
234132195807094976
594563790221734
705774880807624
856359195709147734
223035961014648
616321451220512
926253660222503
363628208110013123
116823380119886
711963195207099440
619501370214500
191969670512901
19224219970308970X
725691199506217910
581211280611627
823756500709833
179828780807189
341769200911263309
396674201110168502
185220231121338
132006981029255
935508203505193658
565309800901135
955747161127147
739307500501373
880083791229574
895799240401967
832297160826781
170452207705030571
161006141107495
827318620621898
569728196006244112
642689720208596
250886550721499
592663202703040358
470831160625445
628616195005094599
970442320412167
353231291117088
876523210517788
456955600415260
807082641005002
961401202902256354
722291881219611
641911201005202887
626731205804162003
736764195802026005
696417660407406
363756250725478
494314197009044804
800251200409099218
758646261011936
352839192605235245
682879520312731
445833650116748
847003091118415
185502202702161647
628853201612046027
136690203909186916
980254510315935
393644203305202216
523349197206156603
276776730818612
867362199510087785
53435620600314067X
680043790523876
352768197602148340
422102209303128764
449668480403004
963136310509656
847731201811295103
458768209406175188
154287900102299
331932206106214405
217310209610279698
919454430922243
909668192810221506
897784670901481
756639190405030591
519216204205011677
424390880103077
643377193104205730
586680311214175
442340193605161932
372455630813067
573274221114328
65098919560430800X
143877131214219
350194200602019147
844079531210262
266135580820618
945602021207117
812791860312996
218896050822355
940516196304099822
105923198906209244
987578520518208
287740198811133172
557541204711034113
171784421102607
386310201811031730
741600205706038487
434886521129359
971606580705285
964682391021959
753663205902035789
235824199012294191
611063193603101052
958492208708165336
757471193311275973
610069202502039319
694006209209085035
368179198208269259
579498140427915
649857110906396
853802207409225351
791092981208231
798203192607084877
669433630506548
438378140220412
107872150624910
498826621026930
228244901021416
231960196210199830
780872192708196463
416437195408253397
625623911009098
419253209504105010
934830161219821
836559560803766
726655051123178
172075140505268
466522120319744
764257197910199299
947231350217918
985739610810268
502925950618169
313569197105286422
378004204702091303
763041199712167436
890435190911151583
940114130930584
480355441117245
11122620470809382X
295029200106098456
51382919660221942X
938182650101527
666725200001195085
658825191710102463
585752202205163307
684752210928854
713380470405397
945844198701126567
373145010322873
48419319750823475X
909888970504303
56244119900422487X
15440619291011002X
941332202804193220
475866209805189343
108716202904093357
360533470914191
106546206508292570
608210205401114890
438428194512273991
711274204507077466
362289200505152336
384257841106684
783139191009074647
35155620741128534X
884614202002108393
667821870918079
904085331113612
623981196103136631
913871208502073562
307981195507168195
759187204903147563
731489206306047064
577561810825495
861798471122004
688884197810114343
950503871225355
253173090123536
265711208203032667
244860361109948
865565470904520
826537194004309879
857022195708069289
811773209910148306
543768190708113835
289920204311079508
94096720411101924X
911790203910168852
371214204104222135
838351230804883
507110900425779
644308141016929
514783203701275258
291250350918593
191443190809012938
949095540204881
537346350604971
839670850705629
340684161212441
508242205703242046
26558719830614923X
118449203110190043
368846260314087
317843209101094518
186532470206692
788415204705267145
158283201508199056
658880197806092445
153242193707156762
606974720212435
780888970711217
689133510922781
167848196511190928
496826192006272622
492740620522444
889996207201184462
233335203910216790
529525970126305
968708204108191466
353818450712103
852951950225534
624315206810303596
982033240320696
360989131119013
595622199708167995
722349751018346
925720110115074
372396196501256232
422343550228806
102487193703283022
260347070505474
43530119840210462X
617243190003253058
870590490101542
410640192509116082
409692460123539
159612200908087873
152043198804225398
234069590828126
339531240904674
316377195011064326
683586491128497
820928209501114638
787110205512039222
196697201701224286
651294811129153
809410840312589
882231201908041898
111439205206161014
79973119180609137X
729120195910121147
753290911216992
761076204405213265
140359420608085
829794080510265
219567660914798
119496199606010237
930174711108615
204225071224020
783304207411057603
619549720913042
551657160310395
374971194311149705
406005198411089783
755660550202162
797249204107307562
806118202707024067
645201197403270246
400629197004213274
288778198110162994
938114720228277
972306051228058
323058208612289445
208244203711296057
450093000410769
132493900726695
179946820310334
434493200506111324
257358960530222
292251204209227347
161169100804250
613952192207302110
879003221012605
78172619211009465X
578398201006175508
389230207810304453
441788194310052980
489605780605949
612274195103131867
343371192608111982
460771209207199876
441455195403233314
356607240725013
537757199707296657
138419850329307
654590260110429
657732010508030
309118203911112502
315107691011272
499280870611819
890455970104443
696579420325555
602463199803216819
182147207101157894
537492203110242098
465117191906225893
848291193109270587
502084660815565
794351681005817
933523781115861
973352040929717
920634211220481
773184209909032885
749608870212336
61295019991118860X
825226350313514
430041820207674
201986710708992
273469890310265
460498290812916
737460204608023965
183908203709046783
521152381003284
673709191409044248
594968990120862
740466930211702
739745490304565
931607207811255666
791083204805129678
846914250623295
346462270526936
188866203806182571
802676209307253115
237130790405960
115585203209154626
819268200011092756
655532197108100957
185462310906292
251164202701211549
721117580608082
324174710830388
867094200101234389
40195720540322658X
987708201410105064
455661340524769
624551230410208
574435230818764
390936520217036
957534670725878
496386740225390
101406209511064467
104955192012208089
107280030114098
837189420808335
199899600429371
808095090921045
49766419190718480X
381600700628586
484251550402716
559752198812247904
672288560508719
302483193303236665
426546761023743
864783200105052671
650496205802027667
765414060812458
149147196802144323
876619207604200549
874130199609200718
218591203208237861
143395209404077848
816492180104861
558055191710204395
824535196507066354
858642205601041052
144998192909138180
94110219990801853X
955415480930840
461471209301166912
832436051014425
600973209807152716
486951201201202396
435325320204164
126128195601155621
523441811226118
962777192505146259
718760207601210084
342020207312037428
916493660223557
683292010520062
933884205206113699
440588207209274026
381413821202109
665864931209782
753880530130879
498756202610123829
656440640605924
861911196509301653
655918197203032386
466845000920185
510470201804150915
523909581125389
532272010808017
628444110402410
769674196803041176
606550196711054509
872495198901201334
875686760911061
862778190415583
516406340612933
761656140509158
551425660502799
338924460518177
524230391218494
899762196910214406
161392490102317
987904206707076995
601737199906074260
185789240612457
632368202203063810
342963920525342
868649631113680
334899193010255866
125543195301183885
374986271003373
241530320521194
790093951203875
198959203101014415
711655191510051701
783288190706134406
289369961016506
466079200803019589
931541193607298207
714391204103157683
177233200509589
988546190301972
965445260315957
887867630302726
966567204801200441
458535481028888
577536240101481
197201202504066776
523694011105668
667917950622205
36765020140706502X
818595600119284
50902220130211249X
750437199908080182
151089200005245314
715709600110428
810962440707476
259707430529256
820130191604092730
479964480102065
491769400824610
459883204803283195
838962721227487
762058010821548
634780201809102459
595698680716079
791936570315112
811564850318791
981606651120963
832197761202174
917612190106056465
620003208501298354
622758209004086029
757825199204214153
724660202007236156
405797810911663
317702741121402
322723196312195283
521001194301214766
78109719120109118X
810472620130120
988679111022042
864750190311103996
609837840516002
706928203205188261
677081207203187721
517567190130667
100959910612905
702209198810035596
778936350726346
610354209204065667
773682191212273464
206224060404225
654145192007137895
754208200220614
749055900319816
141103198801162454
150649940520996
647596370325790
243604208912214949
848832610525776
347440202604202900
915954580701551
378680203402217023
420792180818584
977798190612197882
100161208503294957
154674202902217946
664607197012139186
540175320904042
494575440115703
37025120300218117X
268453208210162287
172830680218949
812552194812300957
986570630503280
117618203911225180
587137192511180873
787114202811288204
555401280830918
318996251202327
289921980514803
602497195603064828
188091531212260
342896461011036
786736291207237
959690197802243088
911075550212413
820459650430342
264107560529580
615394201301195723
346564811122957
835802720507072
950903600628554
256574209004040358
453553193312237475
341431190410296263
42176719640128279X
923318020506977
626159030729393
560288610505436
829912204009149253
746066193605038346
612158120623188
799631193511273520
231031610529009
751159530610360
326785191409037898
488441440303631
852188203711197067
394299860419532
168798209908155029
425040192303303167
947064090617559
699120204006089695
259436192510298910
565978551114820
904902191611048376
928382060115493
722218650229181
222239540306841
541027193411071805
355885207411035704
290908971214193
725856208603127639
877219290529576
320955480322697
294326470122918
792701206011244996
869587281213381
477617181210424
208289191901056296
328699561224247
50432619770401128X
535805400614253
631531201011031530
75836319710415312X
837381196803192594
789412209810237075
481166192808282485
323567080410790
350112370829487
236379194105059981
554590160618199
893646110129280
386290191910019726
657924150308559
399915680906923
68085919610618055X
410469010712279
272487690916084
25378220591019731X
345981300213509
760222681225644
50689120861009110X
359068710129664
514716110504010
820120198604097442
711301202212036847
236005195011238290
666842090210397
701612195605102280
253410191108213088
318550260317581
793195206008203346
682239941226194
242881203303181766
851641650702328
235710202306091985
672782200205204306
920908080528758
900188191212229793
399696000513072
865587199605085777
385430530225940
226753205712164587
849771204405205782
581466941002332
978986351102051
789287320920526
630889193005162828
761676201605038200
699487061123393
829193199403264332
972776190908152726
566817060111995
420973220518927
346422070830568
369016171202913
697273206306061908
111782193704141652
341230380324832
156984202509248201
824434440226596
139940770326931
932149208510171536
851925761001680
370196196406116569
387437204307253973
71589520110914233X
897237203703279158
777918198810021950
970378191409172247
458757940101137
681744740502804
669362200705232983
175611197707079863
106622510818976
786090451124108
977926196504293769
266016340717903
265690750421263
477295850912700
40937019010612471X
840068198611166506
469704190711756
453607320129167
824998196603025306
775867199004163164
149550231022866
65428819411009027X
260047040514175
863076193602238636
253670204306195774
703911830705246
655203194705196489
766143061118238
438020200011132026
770407260803185
196177541128575
795752710622614
732923203409097781
219299203301012710
274509204103019279
188347370619980
124785930216109
781895650401594
931881200912137217
856840821210451
585558510805172
47196220020818462X
923380850827747
707399205202072908
203557270303174
517556201311253315
667936650101400
936595199604188218
261329450719948
239590200902156900
591071440719013
813963196505044563
30547420550823384X
692076161104758
901775197410169327
578770300424580
394891180722114
553422720129917
527246191502121978
750152198103090202
782926193907048778
801972310521703
562720195712118738
538534205501182921
522264206912073875
197903830507818
572533194708056617
700723194308293376
107647140509423
174852400227212
394909208003147621
583221921112414
478967080203201
637326720716862
430542650305121
851768850411999
800807550623339
216107590817355
558096196601252593
824205750429874
393331421101353
594812206005158238
577185700402967
389867203711234394
176983192401146798
101978205901170983
415646203308035170
224329201912205035
543510600919990
540560208605206886
108001198004192647
935165207206130468
91536620100130920X
686443030727920
551860910713819
763943195408284547
971449530923087
826148194312210301
610593203101085227
455300521030455
824149671115938
779231090421348
650848197206308989
927946500828588
364942201707234708
816208208112265540
618448200504260284
431544209206172374
869830199803064719
625607198607081924
528787190206143140
929458610202388
369149204312080504
568000208409120222
254737199501113110
875404871201127
778653206008170711
497763281007404
162690200210045934
712513201011053290
153472198510268680
837574020701044
551537198101028523
256414931119358
53230820380518605X
612264251111771
431356930624353
213615060702404
506514540911866
645089670225403
47503919341008762X
794152202201069740
550654194809218180
476505101127728
652342170106079
187849203906040937
637458480317865
241467381230794
640432198805241453
114152195408031416
121865130124403
495025290502824
694414203908256011
739845204111219812
51265020990108142X
384005204512187498
243124200104202347
433398840623520
697383209005261816
636092204705296387
409189340124293
885668540919681
617476320929570
227517204607098033
761949191911231332
436199191308256008
405794192912064239
475779198909042722
289080630522873
357762170213521
728605195608182724
96301620190605328X
179963860415268
385175790414654
594273196210238306
291957192402232864
554236201011678
282283202606177280
414010199205248261
931576196306269294
979487241229872
143924195604092661
369378200202737
239254581017956
525548630824416
638755206302215518
325572207203240034
907450111225432
850091191906302702
351601550725495
199941203301057956
102881260928418
777491561214660
354936197511181495
463625140822815
465888191402068083
785009731108749
929378260123748
867300010521458
476433070210563
835560199502128660
534614208506072523
781476871011711
18830320950403284X
196603198906250677
666690200512195559
413332960612426
863636206806063583
222091190312268794
409894871023198
914199190210307395
343849192301274928
757880196111258518
180261221223255
419794001118086
791488194601102670
841079200801244079
925181390614713
204929950330030
566106193408266593
398997199805153287
494976090917749
181106040528741
327406231208086
682066140506283
598551209012149658
771811193309307785
642860510404035
287581531101260
504507051118180
889307220905230
634468199006133972
23807419910408722X
888795281011741
74737020450929857X
301050192601277734
353323197111213728
482996195401227582
324322240927593
214536209303299584
378945720827881
174441201011216171
638722203808040229
900207191912290180
602044890402677
283796200405693
623718193407017708
124588209007257025
778527090825376
628590192512117139
632641195404198397
119787205003168031
759110701123658
429910199209300750
424222010629995
519204680416554
956994610723946
715160207402145984
341404191606015443
437832208402119547
719530196308096866
249058197305115882
445453190401035438
445903200603196952
561182430111415
432896500503844
929656311219194
35333619200423756X
273087190109232697
761689201802067975
249775198810096086
418600197901014095
243804202904284114
541430192804216326
683187210204237
573791199411043652
285583470723296
80116519050919034X
937998100929037
444390193109085489
297475570902988
465988081105491
653433196503269407
141161040126290
829083205208240354
251554205710126886
431338194209057263
659315199110158773
764047270730085
752089202808200831
620181193602080479
934593203208098451
954813761213929
732278206504271906
525502193705099141
255830500109059
896128650614624
553288240728801
176490210430522
432675192909015362
64729619750629536X
648732197305207998
744222206305042093
956244205012245192
645592070826217
901203370405335
580985980322822
55872120870617404X
332127201305266576
226851050816079
116455501228679
920427731125316
438048440806359
346788209312082260
521867040705708
148607192007294973
845374191501116096
331119206710140360
75073720560629296X
675746460804583
373079180327856
509898480723893
519725197308156234
906004010722929
651988197401057334
585762521119079
839001090203269
797347192609071376
756714197007054362
922526203809023370
495588194901218308
633688290403097
898397560816773
781053070625930
435708200301104672
560465610507395
967515711207751
872272205110281853
119818196106092317
742889190106159149
577139540926136
657991991014616
872512690710905
248558206207177459
872511199002131866
328072650229168
279709202711117762
880807710726129
767149198804222242
289434195005197752
957352199208082826
230416209906244751
859673161016601
611359198907035099
563743381018666
140995120520471
809445130909215
587681441122660
233250640510891
260277840902357
587598380221479
311440700126963
483215207703037498
111251790524024
601223198701075902
595527081028896
304852841104535
409702960709024
668607191302024031
843461851001401
663306781128483
114942881005072
265308091215896
555375840817815
941661260608769
459454250306847
872988310619014
381059203108061530
719473470701387
649620205112280694
408488193305172761
366534081111818
221055203807303432
812417206912185953
258858199205046390
78775120330128148X
821123640419382
276873920924539
151559701118048
624932650220400
311354970820448
470128720630637
92288919091214111X
277382170329303
822346206411157582
14727519150519397X
362016020205842
794662330329933
206574691104840
373091001228951
620018195609257645
895688760807168
734512208902142153
230905205302110428
300727960911198
561353160206595
505061193612287588
848861550807091
611646191609192061
750896720215165
948935200514018
375741199808144961
504327060606672
800544091003264
267645192009106263
515671190706234327
628477190203255761
329934260424208
482205207009219012
246985208407241668
975261170123593
245336194212302768
151687191403229144
928161110829037
304102570309313
210771196207131330
105465020718895
757394000630557
532704191812066654
468083991019001
730048207612071634
206571340629110
740652202309126174
291247920304704
721681194101265231
872751700530053
963069530820178
743133207908213562
305205850119006
906913860429494
328159960929323
158833190209184217
326352196710057066
280483040609530
883584300216357
569981250928263
840568194504117222
507500197008172175
734849198102284137
515032190311042608
896150890117133
701173300422606
336042199606204799
315132208107244368
888153570702753
725873200901131508
577045192803100697
515835960718105
662006198806306429
467017195608153982
327328192412125870
406367206907109682
371646910224918
611286192902158895
770489191406094040
123903440114786
236344206808242630
649838201105219933
109567700220424
898802203304092343
752770208001066600
758434197505238944
529752060913167
753590560629635
307165000710484
808742400403673
237759661016881
928366761204560
442394840413600
169070950807641
941819209308101046
193301193807035382
933466205403289378
419917207211075768
706053290328719
741174330306874
441459203408062694
789392201009110060
730849209903042036
714827194105124782
590317061102222
412415711002651
885610207003105762
686327120111556
159892197508304420
618303080904869
839022431024263
754672204509105159
308413900712838
930064199202132479
155942190406181134
304673610925781
789657200210299659
871505630910965
881491740202849
473631209309249329
781109890725198
960756850105998
821401260826795
697120340713578
639402197304050393
466893209709301364
799081202312217374
876950880113925
897961841128886
284541196112293652
557492090110057
158853207404026467
922355110305980
936316191510203714
566088196802100977
232962610701885
536453600312335
393825200301108437
592959195005023369
156759510408573
734200461225570
186726340515254
789072196004244112
133593200608124166
774895201406283589
100517208804092448
876294204504265883
182975970403831
702761194105143257
644117050829815
515696204402097144
298522208811033990
583003209807090454
149470121105758
512188520318736
650741191007018891
703071750202643
593242201712087588
950568195305055105
574938191411283237
304839192808032270
122335890820246
299150221115562
551331195704015358
337022195203176131
705468201810142708
403345930119612
204627198006082415
514594150306476
939406900114548
810788209208013160
213396206902068141
848666130213612
605236520416943
26930419910710540X
276109651002402
253998205809277909
438968440908277
617127209308100305
206325611017476
707107550317978
369012211217588
509386390526506
177989490521308
198103661012705
771050209405095372
182679020506827
855890197908114226
223652650421447
520696130813074
542207411124036
467243203904265564
744738740909443
879725340105648
667742200006032682
250381060509277
845406193003191063
289117410516905
493593195011264057
719039199810200997
962564910906255
936515192909105358
492757198901245758
617034197404140362
465397202308203115
456180970901569
910014540409594
646854801130646
401929420215236
692260381122876
743268070318093
841655450311677
305907204305241473
195911190202280701
282313640409821
577377201908132765
146366198812282796
130562209206177277
704575300713088
850379209302216961
722858851217649
136776190105041125
863033193804226376
815140491106248
676356190709020661
192813206003177941
485719360418762
258215194604222871
665302197409219161
824550060726579
548358209010108573
462561161114422
942879197704130419
395274850709878
425914380419363
212671600614448
222027203802118009
488255710705798
684479194910110299
639852208410287493
956878080812348
177464230923918
665778204505180108
730047271104146
667170202207109483
798762790705154
341299190406237397
324720880906330
196684204809242186
55068119120524784X
691140820810393
877953291005098
554434198002212229
832423720412615
948439195208130765
837524193306107455
734001911208992
53130419360908852X
982038800607722
286544030920402
306974780716894
825425192803078255
638632209111295913
400888192409256033
113451193403067537
514173671027747
678716040802148
482814195110253723
395476206003241287
417193120526392
240592209206087297
733576680419808
912088861121166
646534920625977
771708197107033445
425568205209137664
614890198901095900
497479431016019
926175331221346
977292450213770
168882560121264
481432204310291225
783405240414538
536771550328422
140723790527494
279102740704486
749825195412246222
304430980202593
603425530113349
176203194812246296
468489460922178
701096711025097
960320490916750
140061331011936
440705193303279505
364367199406211563
975551191504054414
238760195709264089
679693430120428
705693196003266754
237247410823980
964762203303199413
748676200209033511
974798800112213
733797060929934
277930420921052
568035100226123
895609203707096972
94595020100424342X
324646194204250849
415998200811178492
114687841118289
745434190309190
217696070611455
328380950714437
607907841203059
894748270917489
111862180526307
736616190001033642
926122581101745
381500440424395
976536205807296525
871160200411162755
227570207909206282
552315209702182570
775894207706095233
604789110502556
906187340513848
146110194809189395
316938460213764
430945831211123
246082280114437
646627360530325
510063193002224303
113880206504100181
950705190310092487
444533111105922
379587204109161850
787158680218292
971858205602283646
467230690619837
955481170703014
248540971002408
902006193401121775
921813208603238677
917222571008835
554504310519493
731150208109229742
683692200904119083
251692740812775
779370760313086
674746040416573
873238208606084129
36835220470726425X
803401550615923
169069195305278693
314351207507052335
734139300807200
114650199104174673
659458750709378
178375199004048773
443608580604373
473771830513734
879586840523305
374481203601018426
451897208805291165
422616205012089309
976515050308313
857836195706070102
440497200307285343
553010193008062617
227119198706202214
764191197808194948
269092196705064983
480462196407017529
926343206802234478
417643470510423
611699991106152
164652192711120630
688854011128376
627013030126712
729457194201057223
816060690226700
320296240826778
657903290419755
308809198211108902
409602202012205411
757519920923844
368461070602016
442536990217268
137992520807810
61099420591109747X
265826680830173
940456204808052097
581766204501026757
111754470903981
487325196810158713
238217194808301100
695071202911309423
61383119900106449X
191048205401122038
98128219021110962X
322171194104135578
896812311211147
525287410424779
891060192710052479
971049830908535
616591890909463
987245209205303680
423737191210103415
638981650229455
330655030724892
477551204511236798
586302199110291867
130529680221631
960948202602075239
196647191003102703
117194208001096647
453307690411172
62969320030109887X
405886198909153202
487819208907275220
150251430202702
358703650719028
558367200305187760
372381194906071481
156799041127351
137637611007085
736164890805052
517899330523854
831925206903275079
584016771110629
934200204911277236
418014206206084975
193526190817989
415844260116356
701925196510132921
939762194703062243
146887208709110815
139866193402080983
964647810904274
331907530510635
291459671117528
646609195407205475
364510206703068409
579020191406197791
885829198709299777
944238561101805
806432590704361
732651040908749
623152196907183753
103729198604249596
397397110422350
666048205007280029
758888195308119017
676952201801020393
578591202801231452
410461200302148607
533726881127425
129512207405282808
960979780509960
645586198501169298
310076460515057
260690199508278350
309497194703070212
134600209006045856
136216331016516
983604630519412
273663271008164
129679320705195
431039192107094062
873076751006219
927321950622257
453767290910777
723402196805099256
104715040626698
252838460127390
243714811119752
759592191203071926
194371197702232925
889625140323776
310941310821754
139325206605075072
799854200706229337
464292930220537
261227191507151091
851383199105066328
972756192403195784
860414650427897
685531190612179579
409219199710068463
820866204208135066
855968780111773
233076208502218409
322386209507178514
643339241029732
972693801117688
699633194308051466
743974220606910
719164530327930
547410203810149909
159974207901052003
615313460118089
458616190711298779
590152207404089054
398737921104009
204130204009176059
720085620420265
122009800426572
727852890912936
894454205604138760
668006290426216
361102197609146029
684348207905284556
142553207407119611
316511140716765
237498201912272579
535543670217539
466116204007204629
510353195712086685
789130360204311
779696203506249243
856710850627862
814880208707065874
460190195812095673
354147300726589
117310270113138
475929207108106395
182535200104286712
217676194203295492
814833209009242250
465202940130633
125229450122142
204406208210212058
390671170320332
668869471119725
748827420513655
684500207905038710
124767204009309776
362486731030103
706580000204294
734552199005074926
462518195406299099
635403770926042
669661198302208015
131152100216120
766306130308460
757220201912235914
650157205711182582
531505830416580
952716193512261887
255919310321441
373625111121838
544454197606063095
371153030421196
492478199101292058
186440811008893
275300110417256
77589519210710192X
718147192605212071
897475830213685
305528193405104218
489445197711123189
398808199506215108
102382210613824
844334040616546
831451193504048957
243371203006143603
460076520504397
427761202101084741
200101199909135924
230791641121872
135159771105082
402698204405068357
820715481019896
119744196509088140
435539198512162350
168494951006560
721331600423540
869794640919968
166867250922862
878258206402216379
177744311108868
362651130321200
312579198406217010
705985190710256951
463254194106129021
513614000325761
792235205805211507
235866192104093443
918246200010163607
967679390623058
767869205604259177
665666200603139266
828823200812233692
709026881015282
766634191910033546
27146320700129596X
933735280420972
395148190812209831
722516881002963
623315430101126
438723209509293532
488593208206097616
126075205411277055
882512110217167
136217380218094
348034801023473
357558191711087564
88587420320606430X
191555200704050502
745954750504519
496415204305247931
231252630807860
265124201104145131
782041620228574
510731100803129
844988160616923
192798720715451
379619180118265
841981751106095
112170192809031761
294448197906245887
664842205610044882
718712440814952
726025208403027476
368976371120014
359014202202182731
665703471103615
736612690121812
280437203301115926
876916197303011943
821083201410106091
899940195706052566
895279601103502
588546031126059
303726199402282390
194678031226761
861248480209993
497075207904060818
597292205008260714
876863521229669
301564941226224
777707198912106734
874257490405246
745077209705045575
932924520626044
220192203004024581
468444280224927
541516207611231319
596056197401044875
744718661205804
214762193507292131
86306319690714328X
661249208208179671
420484490704076
336909391229812
804097193906192448
124889351106668
780937191901052671
172042231026567
474069110618743
508192201711118728
867169198406224242
290652198605167204
591793196310030692
519575193812141397
410685203009245299
452621160405841
467033203612244314
151202199312119281
211810541024960
297837195007152985
257370790101504
216856990114961
472429205202031623
64283220640925123X
276098230129937
238498192010206350
667869710215179
283717010923353
551413620420838
322372199005075523
431895570210620
514819660424702
249210195206160412
768385203504014901
40122020440621384X
985237631007683
829336550120108
526675206605235425
558355200921037
520549208111257260
13297719990530026X
907843780913085
345024190524659
366275550130715
843505490215276
240602204803189109
252850380910694
770599194904091133
703983197104022316
771446510122734
291465196911124010
366733209908249313
787150208904102321
408019680307154
430910209603305750
251445831223488
509177290627411
661974207910237770
234265601217327
782608191609182791
895456204702247540
270615192908056861
379013197904063455
515367194109244024
777276770604113
656580208010092680
490921198107069219
740964202110083726
838368540411629
563015199212122534
567356201204099129
144558351020823
617715280902818
247628620921475
491629241124839
857720810904188
879569194212214750
106657205701252451
623788191401177255
454967241214629
568941010715269
84615119221210379X
236538290722579
920080207412072254
629267860418181
326708850806728
486569571104518
682595208601171244
163949460104268
380459021102979
275056190515310
42789619190322333X
283828581208585
778910196401213405
203056192007279501
98883220941215138X
325503196601230716
363858200601059269
782223193306024777
329673940930600
885902521220041
313334570724148
956853195111105076
284109205111068721
720931400604763
715278207402165408
650366371118964
816122070412881
878929930706005
233395631208394
737181202811248721
214020160706966
172827207801074677
22024820310427871X
765628195410248688
599441194605259784
979000208406234804
846182410413655
536717190112271271
563004790327710
229181030819970
838020199812081178
622727380306458
666064204604144729
235919470820631
580555190925181
825721206111213046
965515260120627
866124530730927
473635190602237794
977902951003580
801622199804178565
548448760713055
554578199208137016
27130320481201615X
349040250320418
279704198407178983
494794198704014728
120627280820508
784119501127483
866611195910178323
885699821024609
929471090426333
927988700311500
889930380804009
866177195604270618
806255251208688
103937480216673
471156370602768
468728690727870
308151690108515
577667290630112
309909194409016010
91961820310615275X
19588420811201920X
281561193309123901
132771230719125
588286000615582
495307450115270
808020450413479
320879203506211347
396054209808192788
459651190006233234
752739206903032448
975138110209917
542025180305897
821920940311078
335595610103802
168492491114692
806933860511019
400613401129775
530273890827687
111943151125778
249305204804063725
892256190210041013
331271201205201148
528544206811271755
868780195001198121
174434860809799
943789710928086
605988850224253
545835195405025839
37060320560703000X
457623910403715
630456194911272295
882068207306048637
256800520910525
306546200308040412
418833194509149636
591913280407297
646028196412207238
513718730625860
90197520561119229X
276710208004102461
960607200204555
190437830212434
935767160519646
511661840719630
864157020501613
944831690608992
656886260413003
610020202607307581
735038650708774
557029380501137
748421350127825
684483204803287231
728358205011150350
973220910306700
135701000210918
786494206908022928
860314631203768
832214208105108036
453409950216325
265847207902011569
55920520281121345X
350425740125047
935127201111089355
710856860621814
944460206006040986
707175960619090
653767541218862
712234191508138985
236729194704282549
635278208608298733
800521200211281963
805070900901037
721939621229935
212738120619807
109725207206104045
323109711008879
883948961009638
449407111110136
363844203409085552
673876720609044
332714200710028597
293257630305571
269168640907728
907869197410292861
425923410821137
709396130619564
667760291225685
800215208205275529
875309450219022
259808211020746
154286110516798
332353203805204117
857284201103263694
200747199911228676
826186601203682
170002191009282486
699367190210098114
939399202401211648
316609800930242
615881510307165
200980140812221
563708190512127880
978774191301139053
418502201002123467
457795202906121742
595992194105195936
421444203711045966
771567431103665
334072110302080
94494320951223177X
159794190005117232
324776191903236731
431929220824501
784457750321183
365092511012225
944677670512019
473948195011118416
790437920708147
899874160230821
396726230715516
706744850708784
107734193010205882
750438191702105725
262408770227029
248919204201146408
940233205506162158
727471205004057397
180193860907921
579118197409125785
768175330702987
537530011006554
74363719321009956X
514023250224278
410076720812226
959767920122614
649789000618045
911726208611259084
452674198312297953
406645190320918
609799730416323
708534470908692
762958180213450
158685194401010410
148641209709128865
697486371208541
591178195102040446
374746203706118002
554912261125494
433274208303107854
623581193405215925
205244510720934
630883100618232
779400311117468
229077198610194070
225740201207128071
586755192303020442
485550197806100326
194662780725293
225744190512199956
823637195509074953
730791191102184678
658890206608046561
438368191507114103
750642311217774
847645208109247560
796747810416102
191708205808123249
970657780715909
770758550124688
280983880415382
136133209704187111
864766209207120575
817932204609144611
845674510824422
381008208003275507
111050570717142
878190198403305600
864714199407308422
694197120423321
821811194210297655
860514971228656
412420195811295811
325661208411184781
76973219170709738X
290295840128424
911889411228101
121163730128813
352444193912282481
931260830605199
430643440727307
456548650701810
130501541011436
45596319870203810X
536213206802100592
763079192504041077
818446194403301327
959993201803110734
465596770712578
600397241027630
597005580718609
507923209608193847
389174050608972
282064230930351
616846207404172363
619305190109041718
410203660330587
818070640918607
128512195712290457
537787199102093916
825414208708122932
161060730310275
806297060725871
251265820108945
950698130807807
941776711124900
882664230220187
229864197608096538
467183820811678
512350991224039
450033980508951
810689240907598
184328209802092829
635894720824279
312825920812028
745009370109713
251710201906130571
702320150611797
467690191908010560
737818630523847
53014620370407647X
876771201307086802
946344191705133709
240077570714906
799025710115004
655524231206207
539656550922105
545061401129026
642014193406017316
36427920220413417X
272508470622944
832676204806076529
362691194405253727
104403200411243165
566132199405097554
423350490902860
237407192007166794
247641209510291060
673225340302319
908261192811248304
742573490328719
418015202811042524
886374610318557
895248207802144512
177289206907205400
863471205907032984
517437040507714
601089193807229146
933472195811065338
155969197604101781
395587198212205214
172157203303073872
453823207707274129
178286140915200
209442205605170509
972311207210086504
526913190707622
88098119260927357X
324749621228861
197847560411439
699324190307106689
941021207207219224
961679195306237556
286651204609029144
228613730618291
916378750803321
416667198106140379
375174350528624
704169740809558
902141430229693
869337194507210339
419818205109226308
589810208705100596
742997720922435
108593110825458
46621119200824956X
714818010519078
115616911027547
858175610521017
900874198706141956
824403270129666
494295250210511
193011193701245605
933408331219724
404211193607206977
621280771208976
323047801007742
148907920621218
393539050212720
766144771222650
564059091128808
694884203410217621
461468910626244
163437197709067566
187875380305360
21951319740722496X
917807260619535
725501190712069795
597788050830318
940462330915117
847669201407285971
208263204602087328
971690480205955
566738330913983
560955201511182374
626428196002300405
883205760123552
606161370611609
62797920340115883X
627142501208534
425239911012752
885811160808934
802018204407247475
377545320728064
666830197710108629
113641230823812
524451190007093610
52135420710701158X
284510193805203017
294029192003225089
334987291015988
487724440827162
860741196007094027
684366195501274643
228256280617942
580442192009241891
813959680429776
257917950617918
24495720411128284X
904551400702686
829295751110462
938024193606176558
663454198412253514
247022205401165422
830893192808152590
274914680802598
660772331222772
496185820819806
174533640601852
639220193201214308
976426202806272752
426208194602258030
168957861028686
680329481021860
983689100629754
486886911214004
125579208609051167
276371460322427
546320199801169299
702327191001099786
923285140624496
287541930124499
949938001118393
840847140604700
471755050323991
346720830530598
277555671025395
155617870108852
543180540827057
721035770709769
862145210714024
330124230127273
880355200611111641
664634391116872
367547250528581
670340231218229
584596202801164374
193297350822114
746559195211258936
588767890520086
781800199901189876
719752208802308207
596091194803033082
323157131121940
200163201512221835
817478820925553
744128191206097982
960381681213845
212134205602125348
219265150306142
692232190811226473
318998200201963
350943201506102734
135952207201082665
54442319440707277X
295127191808166790
160662071209589
240439120124465
515384880926740
545583581212921
57965220680320776X
295035195710231541
117383160105784
186219206003306381
615712204607169278
593766202408106622
550694180304645
298010207107284964
364501110730315
533108201402034606
781570840423227
841520431023785
377950531215199
690534203307198874
238511191601026192
298739870803976
412196208705213708
972384191309101606
478313011220564
772830194102259954
209633850528075
472180750530858
480506207311108306
277398430602717
795766980115711
495451390420089
627098881224376
880607201212161271
665405650926905
442612570213572
788842060416283
11174720960626806X
661220193411192624
880931050218293
986665891009319
316185731210721
636483205502176185
945107780922833
941111202508109446
723658410619525
981372197408036549
438564198907074391
231376193108175178
718416197112049243
537768196201128359
817590199305044307
769251530109964
550774209506111984
236700200902066241
300349201409018651
492120205703096380
619891860925384
821315001206979
262934199606149494
564482199108044953
524822040910293
68269020190215484X
707888205105303519
653084199512120517
199408260113172
923460120109813
478737550108150
659076310409213
181800960615583
608986251001996
53996220080920981X
750131560114385
875181280426065
911499206305015012
622038190311050560
673885280923055
143579205202269299
632665204002199789
738639200504119316
258809199706228628
163861310508906
555336150822870
641892621223443
946294195507282874
868404100114581
116564206304096504
156347450512490
735221197009307624
601341191808217292
134715971102558
448723194705182537
101492911012028
684515331123399
528218271019071
433195101101034
463378197303273217
531869820408062
462012150326077
543993560320202
953793193505071443
514497207601073837
109995750117386
975710791120993
802886000213292
742331260307258
552256206011196046
180160960223463
748422780719506
466610970919582
772852830920420
289886195108234573
892085203403306170
512241770725537
581164208102297697
114846204910034938
612466204707161140
561639630629221
188330191910153595
267276770903847
321916530604650
326364204501259061
291468203109217802
160032191002031211
749219202902156667
112084760230408
880432208109048531
226491204609151445
793169860730339
932826206202095292
672392204101026963
219775195602223703
802802199606144990
936295194903248330
979470990208548
811543640627100
284571320905187
212239190301266453
140390830201907
982961290512683
400005420204726
225234195709264071
411933193205224200
650427731211683
257119203607058077
635120060318247
463054370530863
239520440315340
810893890512037
287811207012071144
484902770729596
293437090924213
380251070514466
446561161106925
603096191603160441
119186204809241949
912311470422142
151826210316736
624000207603057613
830168631124608
236873208305096362
383880020120043
697920151213963
760700204206067393
294879600530222
882875870723982
615878190007252251
456102191808015123
189856840517876
237123199102011891
452755550830315
38037219911112969X
603229204112092273
321720199511295742
840377190701625
638240660630295
346719201301291208
296474891012568
159303181010937
136657195701190860
878368151213571
771811750105699
433166204601246799
887531070618210
514853196208062020
638716090411351
857305260823116
668586194309038984
65082719841030339X
259607196105305754
939236860210469
567140400623894
350250051115165
332362210226717
577198701125211
678096020123929
268095560904195
493577194601204678
605167198901081560
147988140811300
527830660919619
283542198308059450
700664206208076871
166807199710247060
411077291110940
412062300713658
735993050828372
612563192311220148
519406830827471
159843204703219790
594413330817392
654955050228889
238656280312241
378913440613500
167066202807107417
867606192412192618
988629310110882
505454190206204357
631391550627707
397357721207718
633840940224012
120434501202614
684380194301060007
623383581024623
416204195703010977
247994205407155026
426328830512743
984728700801748
512912201810279861
475267900219899
587439850315366
204936196907154390
517977196702164140
345590191711135560
443332080416772
162912192408219372
560869201009140043
213114192409308815
148813195303146362
919403080125022
852499421202894
317006209311157380
318937191005031334
496312451227590
821247201302224562
329708740117099
197808201309265261
578028204802139155
653261196204171016
616604195904230685
142575210330521
689232970730861
651173192909298174
482818204503018034
577916202112029693
702870420316351
53132319860308898X
325144420221219
122105193106165397
304160340310733
197280060803707
752452650505217
792657208507074690
95452319890730867X
741843193007295952
858620850827181
964309207910292489
937298205012273820
985120197012015050
131640480802365
788602720510211
690210741225263
642342202202024194
878829200002135439
838301760223435
777423195506149906
458106070109768
657086206405189138
636847780324742
867675140824932
665253290225927
176423171026968
499330461002900
369284120306262
464719560609929
93912120400927432X
549717200401011355
165254300626569
783245201810136367
411581191605202771
316858206909062962
437934410601445
700000209506069618
579040310816483
78866219931102233X
631100130516493
795214000624092
314151206011054600
935115520503327
591328600521338
90354319650529807X
188103198109298221
688428202711138647
661373780205208
287224351003164
603789193304018627
446230401118127
332699601116522
241198194310258428
153331191309227389
334600430725401
692740431023600
259794198006148851
975241211201759
387024320605957
983159680420528
925845195804012804
529519198607165498
546988520126536
848516199409274174
883298203312045160
74980120901216201X
611158191608024058
452151590214855
629737671229770
173429210423183
943921193910084321
858884561119996
740106208412022347
699226191410151598
664678206410018111
660035330416134
916473981215085
118892208804174607
350794200001010922
556449420123257
209045730204398
31299119690807348X
368957195311054158
715780150225107
867544192607205481
741320190611041126
701532901201652
789353661217827
661521205912173545
635641201103247610
512424751002299
639914204209132383
647235191111307100
904139201708039510
261944380930790
313615501224396
600138401128408
632809192006146401
653384970723465
481778198510117241
725277790706738
592402251127305
594508199209131589
481034230103389
562366160402678
222845630915262
155901270702753
45953020181124187X
556117190505119410
853821205809083810
17219420550113194X
604184199408162508
864815193805021420
270200206404129430
734069980324579
404264951202874
823819550414368
374325511220081
155961811213677
907423300703129
827273203703183018
616702197904136473
540762700419860
647710190701286655
342876204706125046
210264194311013222
936144199905039765
658632050818285
964819209208053749
817803301204588
728275192511251740
484289211223676
488718890205938
788096740109801
387324197403253683
833469301010387
732228191108185189
769260440709856
199832130204546
213432198911073706
927350198305246127
582594201504295905
331117780224346
631663202008262156
846479192912227099
440483205704162449
206706191105014692
138691051120537
182010890512531
657196191702075720
619538960623755
345334205008268719
135074420203732
374726830206781
782277198805307972
609794540124378
470819440722368
550765181214473
349380206811199491
541251890408478
467638206005017043
467321280126305
902089930601382
661475204109304339
678621204003230513
809168204807264936
854851204411097152
490973340630084
969891193209259219
214147198709297656
889384198706209526
351779630420752
474293710923048
202247391209987
453945207907010383
532651470721497
142050420330484
517370204901057163
735000710925089
740408192308161290
682014130611085
618676481017488
675731207607157652
20677119601106047X
579558210717159
336511870606557
516167204401254875
553173591228733
549235200907296011
856183202707133494
670082530904226
891956010418253
617012390210334
311741207710241575
455409204909198387
819020201901225859
223971050103991
551079480413119
629424681223234
157312198704291290
246029480817356
610437206402250550
245656195705027887
544546720922415
641339581210319
123625209307100063
617420197502122966
483387203907207029
255470190706301280
282013202309291545
823038196511277502
739839208605038942
873919205607082287
201099207202057538
816340204410027016
764232193709104610
913241820204182
537241198105174244
476266191708078689
748403880621071
582330561023389
429380195204252312
491669207604169353
599151198108102392
170196630319757
757371690525887
194276690615585
249784130816167
151062202211289920
881114199406076213
198439130525364
434601205804107886
913482197110017094
719085540817848
789197196011286586
617912490717757
257412860228991
727218205212191995
706070930822544
948122203903053735
295919090613057
111474590125758
869615170726745
660347500818684
781392197808137923
87862820860509317X
603985206602141790
866265900803627
469457980404613
270783810119542
253732194409167340
882579196605039179
632281760816201
555357271007420
356111202904035219
916889206103055177
591883196912292120
18641319370925126X
521058060326720
648461020904493
387942020904739
813382330323464
495116193702012157
119510203405166961
677969380602931
158996351102341
843267204901115179
654220981206725
312905800722219
900904780421459
440738790825643
802308571013680
517372840306909
253297780230741
896568195609307259
760555197001215819
335321520328698
720578000121180
508183540818327
792112740325535
90217919630225773X
330645550401424
735026191807093378
843080970516629
911563070617413
514404208503063955
756401206906040010
611320310425275
114730201406062786
860958202806233465
438443610224119
278982851120404
961414192910268596
165188191703047088
885112620422398
353309208902205405
921707195904262610
678856670713240
651871580110579
547667371218003
773317521206470
794236198805026511
331498191111020435
818896520807379
808399206711091379
155940204705244836
237969208908144231
414847480728863
92811220900711420X
850428370523844
235779203609231288
53369920090804276X
211156208107279514
796320193112167295
220769520227809
173335202107069627
338511209112130977
415120198403075588
601343200909080185
412579194112289381
475223209810056731
355164197604306195
774540195908284753
474139620111211
441341190711283635
198053050803034
355880880613709
290930200402099737
745386206708128516
484054640121997
664796930114861
287236208604013182
284203830314505
13358719010220521X
583427205702158636
629949209701190627
566310206403148080
644739431212136
418473199306121766
799522240509926
223972460129217
798186300824030
302011510106860
970212209004171566
256126205409243001
716713191709234134
365659351218659
500510207401199935
579230071123236
198287270914347
927263197609067887
723306840613971
519137700812664
639312191811144274
74050920180415844X
177147207307096329
894590241225015
110839310619636
932645191805145216
359452780420605
367765880904769
311734198210068303
879695206312030113
710207040310708
682550194208056471
968519081210598
223671201611283109
149904270605685
200091500622721
162955370419910
499406960809296
366866031026523
285217380926219
962739600607320
548610193802214221
408228207512297406
606031199302107272
914831670503850
118843420219364
862055208308107232
968711203105133397
968133203702036722
370078390614589
404629540606645
985671198201191901
406158207304158761
874739270722551
832237811027595
35482620130217318X
943283651011280
397709770715360
952296451013023
698224340125894
192919100124696
691340196611293137
676056204808222754
369100091016549
916617207911306363
192546201304233439
320418200901201084
764532390725338
44635920450601809X
774691850419245
878635197511208747
261067511022117
582051320130315
127974701203068
897893030501222
471755820119794
956840760911248
222595193004043734
646556201605103917
620492080304372
964824560911084
461412261016769
927541040719168
252048204904216672
731415210511716
658988690717076
383714205704259217
376734201805228264
688877330917612
423190205502286999
283658190602294584
357016620510207
280254201605046792
886410200705278951
919012191801103987
669095450930949
544378950606290
757016840418811
662973197008146673
739861900601417
452335080219454
907131010618662
345232191910176869
942874203510232885
115919300713259
141440195402175798
83699919600911459X
288003961124355
740670300726875
903598203203065227
379558207902248416
908886341228987
948263671119742
823891460607063
930502730326415
132800980207304
710944208103193092
661576202504264546
199417203103178057
728703090924412
809562204205277525
160018199510024241
375892660430123
878017206104202191
748496190007211629
153526530114704
865063750915709
147133910308225
560149280516056
557026631124008
519041681005002
470312209112073135
211677150703096
378101110106260
879404206201017186
375347194203074266
363679204807086640
64626919451110657X
850190100115176
574909193605276189
206174192503186202
896446630811957
483027861129701
967990150827333
176491551202622
368789360823154
747009130402157
722537202703089385
107406196402290116
541579195010118661
403178207808034466
33201619741018281X
86512620570702292X
152534206808103669
487433190305121783
453804280810956
874157202702187873
665828207511082074
827699190712095461
809277380207318
553034980721855
147642209510277688
938396201405138911
879965590414018
355507581007018
398023196802261238
161042680715701
208384030409947
596966208208233675
774382203202109606
143700870520615
173931205506259784
60934919950224105X
864449690126844
796025120219371
604926208201026304
651060198103051338
278704192610203877
818669801227320
799562209710245212
231767196407101431
760827710617331
132224190612599
342686207212018223
938741631216299
90698419901104319X
304532980517899
461298500230472
803490050603382
659307580724231
195443193910295267
916152196809056016
216620207412090241
150765660226513
110536000603326
477483621127781
825025230128890
358945196003251803
618749700117227
558047206610035981
549956890909452
475776130508343
653747192910239822
852337200428390
244945830326575
352624830325021
413943194407014374
437581192702179290
39227220380223061X
261627660415198
376291209411028935
555396131227010
936179205111294078
799886110517281
417165991124804
312598281022823
313897370524207
781497031116344
509235360912494
341498970509479
13785020460221833X
730908850122471
643105401127109
702635731224954
76000319140914011X
245966580829288
177170480504147
836449561201776
24726620090805366X
566489890722909
474902200404023868
533965194902304047
704325170917985
377087206504084707
411316208404116629
19151119811112935X
204188204108294951
659790750725614
974384781221887
378302190204290367
342417401126429
335012208009294693
186518207910198071
152344194601280018
331666204306210721
581197160223246
247567200807209694
275366010908611
768053030508395
384884198603263660
709007192802273990
172761196904137790
593858681111253
603677580613419
975793640615262
535044204412029756
296619194307187004
205736199811192057
950420331020495
772233260126259
857803950525289
656940810123089
596881730824036
579734350106117
102410196204049844
118221471021795
132565010301374
462197410623840
434533560901504
304764891130905
720285196604294213
227203202402094306
304264190409074809
699453620402461
647668910801079
318656200807893
387449560101281
240055710704301
230151680426713
564300300309776
613469771010061
419858195208050141
457417511130314
510650900426065
178541192809236704
408423198908057449
883719891205715
626760700710327
228607170806755
523322207302071235
652323206908151867
804860190307247404
578171208908042756
438052251123468
387969195202180295
815680202304181280
466844190009086508
196921193205036418
480463750807847
436568195704176738
299151202803194681
708018560918951
499924210517913
206629541112939
505739661117001
673280208008200218
967370198809248560
708414270314665
753599192705052236
890305195202163048
163028400624291
619854190110024801
765637320920187
830399201711286436
649624194705218202
59270220261013594X
358808970213215
772065195411133101
215839780730926
70353519430807596X
506307670301687
986533951005563
888009201907213655
329447310823784
324120190705167276
324354205701145769
759435450601743
325973350603202
420612170508684
12307320590623212X
593441200402260302
68945219940813111X
44099119630412072X
757591199109081269
310120193010223196
607004930430746
593196199612140295
541870481019534
499360390614940
653392200408208679
54730619680728396X
419865201307297627
690956000628530
282630194010035319
986420870707222
780861840309013
537302771117379
576854200612170
961642610513389
403595590205945
359303290802409
267110190107224131
882251770615452
735154205705020369
456097201903200937
168426180327317
677338193203302233
235805197605286358
731097150603222
981860140812436
715158811118660
12083220530816468X
255400341222005
435235060620150
833629851201347
585920193807259179
964491198808200352
761610040829509
210008850215291
431389020319682
699296790107035
238415440323593
524889193406145216
683115350415433
122996010717328
255382420302490
200678821229730
697991040520204
250700760909358
542875520314351
339841441223178
741207631214940
913304870527298
713407351122164
119526196302037098
310624208503252277
543426206305162958
819534206006297560
938227190109027774
867657200101428
732803861229965
942850205908198945
415661940107542
750881205003124014
856722190502025608
566672193810101617
802208194403222941
875931193604140761
335330199109240312
249028450524395
254311460109150
128623600902050
419207071018230
741945205811091275
644087600316102
509565360619321
836023200411155747
479455000424030
96433219160927085X
224616196511264765
462279195011293536
297617192312258781
615119011121912
839044450724435
871965110709234
345786194408260869
369373207901149434
538318209111268668
516509195010056365
403918080119790
121612208208115963
900813460725760
763737600929129
678458193211019276
38670520860522672X
897822198910281411
801105198108154549
532656205604294841
840295191104257430
322705200605154979
777855521002186
713067810523188
576355320108161
631929198211308279
705154205606111847
797839000307282
678094190810027064
177092201507029829
315316970922586
301313206308139434
151792196107234307
656294195309288878
392933111106024
149560202312011938
306867350708758
330754070416597
944669830323180
430077530216303
381957209502058354
227581190608204442
495418310717924
110413206512305641
748202193109116089
931251197505086825
161974010926385
497511410805387
77601720170327393X
931579191703263281
318444194906112134
213668199112035614
258785191610255465
727879200508063841
351933080517361
118729192611051424
375170860719529
888980831209698
821460199205136532
778394199712220553
168410031229930
948275290104016
667849480711881
140639209008074009
97831819210116947X
704027780505641
904802204506228525
808874790613498
553061450521223
829727205806240659
333515000222172
623998208509234058
110996195411174893
325852970907649
171395961007194
780537202204144408
158645209811292334
613895209905189620
963777192410186425
850045190811098082
887443650318277
827498161004989
555073150603711
877558600417931
507116870427014
749726203712085168
256770199409255173
861963570430919
573422980624157
114683208202208214
578949670405731
430371205505190348
51159920250605096X
826238100819378
339279100709877
297794190004177122
761201060829148
808025201411300676
886314810603105
932423202110087139
188160190724446
341625200007047900
483136591201219
515971207704063882
217716111207004
641937360820153
486790430520044
180354220315439
823018192509056061
603384208910115683
973731920712031
253745194606257353
131427050916123
30696819100326166X
948859204811107615
270628410621217
977475601217076
891656200121981
828330730721846
743900197008030297
655381360702710
472649530822594
528417140318384
276505207606228046
222999400412799
425074198908049308
147251300814278
378901191604246732
792603210830420
723296950113328
569129204408243057
462641192008247478
963295100604311
732163200108193867
988655960920049
88192920201003074X
304006750322473
62081720390312544X
849562970405019
891917204104030897
456786202209107746
658164091204405
591838400326460
639367100811375
515909591027743
122244131115274
934393202606280801
561909207004178402
290526780311442
93089320240707936X
695539191211295798
187510205306144928
307470204104177735
880076194307254188
410390330721967
944279200519217
388778200207117509
354492209809115862
524121081002915
165734204401231677
231183360619275
940521160616332
764350290723416
813205790212030
744636430706795
719640196403093621
299713670423484
62931220011111232X
340468191009151083
258848204608125502
376991510709067
799623193507217269
585423201111246959
37082220600505254X
122896195609174119
84762820001210941X
872909560811318
348049340904261
581409501222834
440438430526798
657027202609111306
180964271007743
931990150130715
562999550202962
186038206901159370
281138193204090909
207606192706195610
863079971111722
261340192707116716
646098241004214
138255700304490
730620850103049
360967630422000
776860720322589
381257971210751
19782520520205447X
767682241105244
640247430422940
93385820601209091X
281975120413664
938110240317484
877669930623695
808215570417947
110662241106520
603853192709136990
170156208802236486
623424193212188843
40821819931024725X
928695430506662
365501310302414
926477381204510
977968200111289700
875584201604059584
924636200312475
803104320425198
492863195112091381
268865030624119
267771070128538
741810209105112982
102555990925830
615216190507158429
582001180721393
501103203402296616
808919801012489
780725040718750
342055601221149
157109194502151731
913537201009283809
845830199205023347
832204100605493
342079199601129972
537930660516729
933006940108209
900571205903144358
744806194201279687
360776197507131118
746426021007211
608802190705075680
603466420520704
134580205109261220
216717330413882
317858991113013
839410206307201624
792628761010158
678731810203076
740567203408183170
180320231104458
633152300829885
513611197907214905
962981206306305671
687484011207320
840146199611160653
869579581110015
195430196407073542
851085080417049
187086250830479
142729460718258
443227209808024724
510793021024444
643139221010794
449095221113110
550623196712026749
190921170314253
168323209709064908
306133600314056
651531430627467
643885461001404
203051240727163
770418190512236531
760582209702137897
589031330507154
192035208608028557
771405321106216
22258419191212870X
654662760712917
591197209206012041
839928970713807
269085821224301
723488291124806
659942192408046841
908874201012117331
881492430719579
21972220960620644X
474406203303258908
191691230115900
422074721214166
892239191407181273
294678550910310
75916919880510607X
830455180514361
334930371111416
262147205101251653
965444196102088827
865912200809153854
279683195807094430
638873205611288668
232621200101245291
902008202410173021
412427208812124528
539580197012197165
530013209012126281
247610193503178523
528385280926005
282863830516287
363216980708754
609843206412034943
419031251028359
478267196012279593
496761510618392
662483204812219392
301452070528764
401204410928613
861419620923923
862834200207168713
330627780104607
194220820502196
391486192912082461
468986192302258629
270647850906064
942279205305046984
152385207611072136
612828581014555
623843197610138830
159202880923405
415792980301477
317066910316176
197861195112136127
342923194202130691
981463194906227698
638597190904036358
183976195412308838
575489431114856
936287751013245
342835990523053
926043420224720
305590780326581
383520051112534
41398219051104696X
127418197703129337
805890193710299655
913259290530481
269695195608047644
584756196809279530
310611170827470
778713205208078712
766658681209454
975290800801281
271335201205252169
705866890205588
854429191104034304
588361501103932
41938719570517848X
370059230728775
806495209701078293
795115203107271426
566695190807136612
870572204907267829
724061191003234089
402688121211995
799019203811249429
808644380903582
654611130618225
623551209505025578
748951202305178071
739591090713272
453042930528246
665026197203234596
227348208702043663
754225201101140389
401793631106017
617830199912135681
267487206903222693
546825199103249463
543231193812276421
359059600603210
786378321025878
136129201011159118
291609941026600
316250194401039301
953527190305201813
590371690420985
201997510808543
609112208103165176
541196550614052
350449780422686
440550209012219547
408416205907118074
409430890216253
981091950910167
829481540519218
974921190406290320
828034190701183359
283434271103317
273456194005123885
844087200603227324
884128610819860
753860100424130
309269202112092131
648333100307805
898475450123143
567469230608207
124287198406267997
412799330520250
678719411103612
957336198212230015
125250203404309277
808760420302865
273286197002017676
477400199202084745
136469301105637
429454192809171804
988540190409165708
700786051219465
753971680824464
828340611227146
522152202406269677
654637196402136070
601025197112042796
547808800325353
828743921224806
225779621016939
225493191912015184
216109420408659
423415930518074
139513680924147
673785209805095318
797490560513096
285342196408104213
168288930210483
118833209708223029
18701120710109810X
651074311128382
949531201207062883
466598760219665
397362260615181
162925281215944
224155480320419
205248195703170096
620228041217023
948660199201124589
536267730205115
626517700528030
772875201209085070
437004205204029734
526607360916112
826302770220193
227049190909212320
279891206708096478
645283193110129985
211342671103735
276078930711562
116405221228081
677382521215755
937051340904625
895844010208866
717195860409325
984639203802302249
143191201811253459
457505990207637
835919202109304864
663070570113085
130121000230170
246886203105198525
543251991217926
151870860528657
288266871203998
702141206305274562
702711550517037
394313204006169714
410331170907157
334855120220207
256330193501299010
790492720715247
861830220715031
304745250408311
162263600515361
585014500414378
567931197708052404
504878700330800
374295196008243618
951054580117658
751291690323801
402753207602073625
886178711001416
668478191712010931
255920192801276407
825638209704092947
603754601218006
766916199702065683
54775919361209470X
73779520600501130X
336127331005623
362240196011226984
236295203411283360
40819920210705086X
698648710208427
536983401111597
129465160625550
223487320406468
667450192506222708
602305193206255232
936165193906239263
952599196801141238
658371650409018
573683261121098
105464204002226648
461950860925664
770292440707465
872680760927534
954290199508272568
302287193504260415
411621203106185535
404036310630308
592993990403233
92619420501216964X
806913204111120303
841791750802688
829537200711171878
728448161214451
579339940705310
940249670603229
154380110902411
699058208006204645
587111194508308046
887700310911035
510277200811178071
253229171102127
531086090401324
285206690225914
386411760703089
531425205204032282
348560580929699
747236196802066295
587113199805137181
711996020104540
933322130104040
172732701004233
766058710429175
215895208706062536
277409960415737
618383195611159381
119208204912125862
968208011211953
350745192007169866
198176290614062
355894202811296208
234202208610302059
821587190606228944
331567202406307811
385619890821395
756951660323289
641733220326921
519161203511182016
345569194504096336
78654320750514344X
146070203910068346
710791195707059653
775226209003102361
957453280128355
317333193012140768
655066190801169627
153257480611650
221581620904195
329584208803121336
110792193204204757
127430207705202269
610866208611046913
670101207603137384
883269410816833
307870251016646
192643190309660
701315300109059
121983194806278519
762192270326319
856112101009182
141221192904229014
596467650924041
179690180229481
664558206904275905
171176130801114
728364250208841
576950205804182211
556043431224510
350161700217465
798949780228017
230544195305227490
567676208207061324
624823920130381
450892890612769
763664208308064602
940995197804143159
677846071103867
831952220405994
365312194310151122
161961202702155273
629444570302836
756707001015565
546508190005029257
239022209212186205
330370207210157957
438875580213674
903187205009162228
368956420222885
270629510923493
691368560906901
375293910605914
223063206808272656
747633550128517
656434690528498
957020194010261047
462614640622503
692222070421758
558075208409073346
502137990718323
121024100211400
721674200711214455
567429197901157974
116541202206057996
476723140512154
148950220904920
460812193601025026
130824209805304304
634740510123182
560408910417118
731905195002278486
210017205011071347
345181841105824
875546194612089873
692094190410021930
315428191304281636
894481550709755
353457961106317
507720196807267192
693033209207149403
634181820622311
513572200706012481
84349320930512535X
385628100807885
282328203510106532
777636680124234
136774590520775
486180194508126081
555001311104392
636449200506163971
170608740104590
487221500606131
151635640215588
906247440510207
643180331211199
826613209405013020
770058197902298637
978671201505109409
863806000418147
817740208404206783
483187620521491
270377199805293443
413564206612064091
404831920311958
357276641112196
781168980313759
730890861229175
326782990608988
149212050929748
746716720327693
806173199908045741
88824820540727799X
798562208906133686
516965206806257246
875523190809041574
213640206707260355
267464197411278997
30578819561013025X
835682192908267521
345005202002298494
218676240320254
312206080609787
688331480921026
911259360401440
810368820419588
848301880128373
747383201506222302
521638350423018
346346203312023760
400670192601209055
137836760811326
756365090321296
527951020617235
803995206506265044
373559960515262
698794031107274
575512441012817
776077204302305124
545362301020198
872505206603240037
436098020824934
639200221116010
880187080708949
388537790110951
619280203806256825
236080204506164738
781197199008074454
559863390604613
310528204411126809
422986200412299965
848595200610063031
602259193312041348
832519851209444
721283940905710
348897940123873
201101205110297178
381558380122994
590073240807361
530446850522751
746783190404294979
914570204709085139
964696194404285755
321621101009613
686288204412225042
545532209305153463
391832931027012
775603203808270619
131263193004165780
491665192312181671
464192490829758
300740201802259079
172399790110612
633531207802231556
320267193501283584
447247200707027502
535088196507147699
24066919520304068X
534004203310015941
969876050522045
279224510316866
478922661208193
335846197004062787
529681190507086564
625009196101214328
81307519810707899X
89620920890105792X
176971960217650
388394200708123035
758246541127247
389354210804068
614769020523521
610495781214555
148148198708208078
257478970523141
316122601219510
736465197312296014
283017195501025524
228685471110182
403811610405458
827207861216830
496382281004618
323553196708304849
206616950319080
785184194204012242
730787206207281720
843834205912176886
770821193407147961
413052205605142593
626909901007534
461968196406098425
215804820709354
966894511013152
892834380115423
603858208008063916
649730209402018083
58844520940306600X
566434192909070957
974976171105796
787967195906144607
199807206002305559
811619204711031277
468230194201179694
251054191809073158
115050000901709
194266200302198472
528396193106152171
128637030402490
803236850529479
464046196105243304
569391194507283923
485580650714796
362192360619812
370838207001202145
477724207109215950
442715321025338
646786230520167
131657580311389
901376840230817
714878208411286861
649165206611111949
486595060326557
26993120591016132X
651355199309022457
972681200812149043
498625050525410
557498080829175
87355120430305676X
139820161218112
593721690826533
314043206609297983
628733200912216188
191317195307143129
119474195001025936
117450080209889
658504450913139
554642331127214
242672340709960
116529199304120271
327949198105048342
706539190310211891
555159150125104
733904980202615
255665205909217807
248256203711158150
40270520040610996X
606690194103116037
456775199505249607
736579020919962
932517671213620
439989195411228234
695045192908012199
52023919240306750X
535297206208133274
729471321227593
419091197210127587
562902961021160
644271190210932
117006191904199696
414119205106206663
793658200007059387
235560203112104766
551985910221798
559599600701340
781645300206813
397274581207441
775148110510580
247785120703855
586732197708096930
734974590216545
813117193605209323
847089140427758
473762194111112100
126896291016532
924696391113405
984509208707243336
486345510225372
487606920719559
113971202204260175
239592203808067981
982668206111088536
581875341113007
487558650326788
267394210606101
312084350819078
696061207711199191
633373800713921
443535710714419
534795209402187885
152541198502118176
619085900429865
912400820412440
959824194711118872
354415710924946
983020207211109046
299775971209095
130743208810120084
739209210502696
808366990716087
782391870216446
854080121121891
404567194608229584
110135150914066
782577180518480
812127192203228385
658787198806179139
188690810910939
412768192210242998
474512206104302277
493358870302329
746270690828060
586571990606560
386372481126257
167731191506093224
207304195601301623
540767191306193018
507450160330987
729773741021091
342052206601152652
207169970913258
483164330318678
587315471205421
515830199907059002
902986790101852
753571040109580
224091280828048
315643191311155972
164447197108111703
336295550407009
349153410214452
130620190612181111
212545741005412
46788420850802612X
125242360216780
233499199905071955
558430441208776
300394190011048303
911703193009044902
498457360828235
282455320327431
717998140820484
550008010820609
146698193509164281
73618019360209602X
186601211112880
226854931113545
385792203109286656
629535199903195151
392217270408689
621998201310081569
899561209110044658
583600590528676
563396120204420
28194420510717955X
567587890223042
636115161010838
922428700612103
561219192401077564
419818199206309372
404732199207171254
768052207811254929
505996192103176611
671756520824176
907096800227650
839828790730854
295582890914415
934801101116239
957780330120913
984849194204101400
456387205808306255
270388191406308992
700698331228914
354975520230612
153535201228298
702534800615821
170925490913750
940983190801074900
271155207610240580
165351370102941
347397600413421
877254870209648
606059207501283744
522947206707096948
884761261018648
621704920729271
694766190501164097
933868193410119879
379333205205277721
17281019610922366X
17290219680907339X
744442130307044
356674202308010607
765099770415045
411540210225242
565178150619437
342227160214659
142563207710217731
611346051024814
282984196304052795
220103601003975
90992819880202938X
720177201410227589
288578205407215188
880168620530702
644461480807469
705028820707607
299294207603124953
197255481227235
556885050727911
132490851026729
385923641127719
407070471107974
986973230513145
379453194709124117
142594801007976
563144320616199
903100190707123249
375857209609282223
701343551120285
314807191807122677
629557661201126
292461800216303
400725161004170
124562195906194236
577098198711124478
629433330804027
282577194603279218
234401650727301
717277201510072954
782276990616297
56296920211018848X
654009208906155277
526831160721597
296266471017394
557482202211273655
716684310502003
75568119460921654X
159682209207038536
399874199404302148
635286850409627
720602220305876
228099195206293832
159470200408022975
307554450422265
903606199108255486
402171700313286
874806911118808
612720600122540
471195801007342
401125195909112174
566647570904146
827176441215638
576406206611131466
863599206405309895
241197201209116969
952796490812864
11568419690204147X
767416190108228409
878918980428488
138053206101268732
272821840109267
247942207804184758
202465250224193
937389209306242929
823335570620623
304804207309195287
956783191110744
911052192507218752
307962350601671
981898208304255092
891000194306286335
269837209106280127
806749195402288282
398320940309725
602796950616885
524425193401169403
43906419580827624X
292803204909281663
719895860427653
410618206005257869
755716560229274
165508191808068730
685627690302259
415120320321048
666608197803022918
714958650814134
320859860305407
905086206901296623
859090610105249
742256870304646
655109204303144350
783557570121449
370358205507173600
439612090605629
413373670310169
505432060330510
526499350406116
899210200407555
796100203710113739
851540830610437
876710197412158116
210330193706306676
461933199804055332
652668751230009
805030751226717
847444260118824
825204271008283
222694100117089
51662619590919968X
453341780621609
482338190608213357
326245180421364
756631970125068
19587020890224267X
699595311229476
260955600323344
17932919431120139X
524766130915416
112624191403023359
783729205004072075
484666591021794
517667450518298
187538192706033400
363205390128073
318623760216597
543246301102347
351702191906234504
679454193703183173
22014919751103667X
239980196102094774
431996060801694
103111200705190714
933956421023979
338808198103309837
533920520619064
201183280210866
402290470515468
823756180702341
860087209707249274
857487192508070968
565213206210022825
654108530614847
805562460702230
95620720680815453X
23943019140120632X
107716080902480
330057200611265551
420007140221047
716012191404261235
896280380819862
412826441015398
635586310527329
802223940528950
777127960623855
939806194310292006
368828193105283304
844216300723678
326842198310220909
255005192102058474
584077780819149
800339670717353
122905191312019776
190747960212359
929372500620479
516592281126100
938772191305190774
298687620503285
738094440507731
347436203107106114
217651203608173142
950580670503923
869577110614679
870626050907216
537900207103286098
687678791021352
898414241019991
269790561230292
685006060725613
572921440419340
427221195611230130
664732710913703
298614660414760
187076201811237509
304505890704407
581087420114586
141265201907065543
425847193808155813
320230209805018513
912010195111123156
797831030110836
638648431203039
841917101212492
228791195302035739
533865200512072378
854235206512053306
451840650504510
403299207607297324
919187840416763
251959210701753
182195201004076381
817221170215451
827650202403039661
498840861106848
396842370215099
360482720306357
625549193504040332
881122740320036
332983193608029362
149615191007173427
725505198903266387
459812196405019189
555706501007667
265188531013046
531294100508946
483983207406287707
892144191909045137
620843190714915
776413120218379
478437770427351
104496960711878
797046206106217701
379906207212279832
967238201009099129
156438640113276
729930194212081296
360487940222074
499956791127586
26337920510420455X
978090203812209521
193738331230909
288037196901117014
982982192107155464
108038650210287
908396440911365
113233191711274488
409070081210391
906512851225053
987689530405918
270375202908275187
839197205909235755
282212196408046427
800828811227774
832988193304076272
254468170525243
94099620700413932X
796038040808269
741167531109318
913473195202153045
985333192901054196
332410208903191331
611322204701044216
704803060128189
636723751123490
546134206607064239
561524641213978
193195560802550
718576620419646
287895205901306550
464746440116525
886974271026163
818429191402217612
928421821020167
977805193602256226
769683203409041489
879958421027955
765697900722344
343902650909294
168610201311198926
643783201707243478
167139220906985
436453200204243833
660006193802235833
810287140114546
896165195802140589
580758204703075347
290584710815536
984567370214885
758291791130819
637661199805075788
710939204607038571
626978207409251780
633807194505309928
379581193404011392
574466410607952
75894120061223663X
886353194503241351
639112580517387
245031130324072
658053198911308607
720026201103034044
642506190510167460
689894410629550
711712881127006
309692541009344
867559204005029801
107271201604291726
507755610319023
195171321130317
989984206804204146
503084821211000
210763209605041691
774483197804247052
173123330223909
540394206307148905
780472197806057861
817651204405039863
197874193007227936
342952191204178421
888794197312052059
833372100112022
936452090104201
665879202709129831
646298203707135514
133590521103952
227828600904831
737215207303107535
475353030912935
775487950305704
648037195404289890
128172410421684
129074430418437
777837390716281
952236651211335
755534206410240497
676316193303153544
268541192906286342
696037190804051127
764166601105960
206772198209197335
905502190903140750
838359080902273
146139890416036
718877200501169572
535329350521396
728195205404289578
895244170310764
697934081105130
126921201508074457
935902251107784
586567202910068827
860328150205763
813853192001219090
147149620529505
852731206612118621
559196440607236
585532850822258
455576192907071481
335660203301279346
707309203007300600
481129206108093095
658513199101129927
787589370105785
425028660212697
741755198911276312
717691196206242051
673562671228642
256638200607018650
284948195909257481
183047195103280085
974128000816424
115746205802100803
32026619421028567X
582037230114263
192415871216315
207760208412036472
453652970929519
92873919110214836X
310909192109047782
567205040614092
437009202502174449
246416700406534
885411197511147632
780519199409084189
625729650103696
847117193807231562
79611520730913594X
925445791219900
310131690419875
978421209307283457
815561961119013
230807196504137018
282051209112207421
673938199301176536
499024881002349
899011197406258525
874937200610348
590381199809220007
619060194505293798
412338181027404
418489200406160846
590255220817148
224761201109086010
130658300909114
68970919670514629X
466509690409541
424918820812802
104962201605073521
903180560619931
115601290707949
288202981111436
280238700320751
371823197903041113
540893201205098047
798133881224501
308318207003193203
925324207401095332
485592200003067230
518750209805298671
651134203510251748
105575750404357
767164450609647
128150891204631
306048790713443
67709019570724813X
678433420812593
820650195309170682
525431205408156673
486650180523217
811274197608166574
409437199306236141
929339191802113341
324030204310212794
225159194106181638
522737830202992
695985970405832
800325011119089
288813871004719
62774620030327876X
71694619850921757X
355492198112250165
785830202703198258
474716197711239992
296013202002108044
361408410501262
264984210111772
560984221029001
825202361020918
692124120920440
605475330104972
42068819360602986X
127240205305178442
476955202701119181
817958208603160207
356682970319897
791180410901744
62616320741225582X
397397207511109347
762629241021963
183550195010010686
163345070430982
820939195307016155
518398501021436
300340203108230470
514807201808049132
143769420716712
194693070113693
665067195504085255
217519840621780
486866791114843
845581391017340
742981198804135305
236052206002305646
655988050904212
858720204210303173
105857209009235315
739608521215024
44705920011116406X
595980110226064
590525204408222329
794415200002010320
176874208406265665
801035041130955
532806910404379
726452193804200335
177818197610292822
135439411211900
495330208511030738
209079530529971
504440930420151
295471420519904
312477197802155014
469704196402275100
959223660816684
289708192410027155
566891881114854
34537419080506389X
870193198606201760
292626290712290
167770194804289286
605630207108083114
905434680613061
977807199808191608
333836197608307475
585064591225164
643520191802075480
218393193903247505
948340070828048
526161195805068072
527883195812283004
174649060214746
270164650427241
832568400501021
401836190503233688
888323204308111559
437003207704101335
918012180924577
146741191210019557
829554530101899
790702340414490
278124205105274860
974085198411284018
496153192009024500
761814421205997
557925198808068581
945120680710392
754140193912186274
747157210108001
661279280912071
415061199503048820
658263420318054
327610261201217
302538081004960
464448800305537
112066195904250939
127929201407227567
836723730221649
208031196307084819
764835196501057522
430320590318900
198429170523800
291884196912023328
649455150702538
674156194012116839
395910198411160556
174768197801096197
125244200211076407
422336191802037264
545906380108506
795140750125130
223523790616896
674078650809511
897547206308306540
123408190608083451
60822420770528470X
917050205406259873
640277194505041496
707716209704036267
881898191302123770
601896208512219236
724913620729559
647953351218542
785954203606207043
707466195209182647
69613219461106892X
797550010419415
899426860607559
150315140312174
740978561007821
276183630802911
974063021001724
709135020308782
276306731009191
610819561201267
745122280823342
68374520550301286X
243582070112518
217203209309111135
761742030616548
694105540314430
575752198207239258
950484190714884
766847290811282
907209341022566
903106640717763
144691230721190
874022510610907
197967191801082788
401994000730539
737712901120958
137523199501066242
372341090623859
551728710426374
476617195407140719
815844197712209392
133921011028060
116192195211261497
679421650121057
714521197012021508
391835209008178071
655745250501542
970815194309106012
366245260116732
183953202001217507
152742195806288855
882278203603200820
936982881222904
569794750125794
576683580515448
877124331027242
619234202603144219
551781631229585
737521208308259147
178314100620751
441641220601071
240129640304135
210262600424609
945774193711279485
393270830721279
507828910603107
974261340320464
14030819130506996X
597168161007533
805607480810985
691443209405096270
375543720416943
562546240519951
576227081227524
809146205103111434
238909061010948
545211440510929
842586890810313
158412740411707
292907960430560
485600550921946
984297150417260
537450205406048648
625038199901017307
105996209702057907
977173550822167
542197630330843
257825940605779
593977810710530
796678196408115647
837042290418675
527065205606268164
239827190603264828
954582200705149857
211892700611088
119386196201222899
181727206604293467
284945198611078774
400325180414241
315859280413734
425146910316862
502318810814712
167552050704725
963014490310532
697274191807283660
253704491020634
75923019351112118X
921412197003240084
851933205203282827
386870202911101085
480535280605045
907617670526431
95782319151224402X
635733208205151901
934721208602210323
467096901113773
963606202512149519
909610720619623
836462571009365
625495197608297408
545624208808087966
648891205612266931
559345721213170
299983630312745
825624206006278676
855257051102707
190684196306216976
927733204403294005
836565160508704
548990240102152
639138860811204
734073010223182
249939340328672
848128202206258560
320062204505286972
32641819350922646X
776814205103270751
661601040111530
585679511209350
628955110523596
631370200611216531
521866197409252893
657015900918873
375126193006043443
806980150419895
311982204401197757
152481195311284262
489706930522610
864766194912150911
898440690715660
874674540719315
733757500211258
632559710817014
275460770121812
786812190704084349
623609430720022
929870194710221787
422328203104216444
676927220307984
737350480801173
662257081004958
622013890823557
274516350609416
701589880211642
258364961211256
653932940807225
947793207308194744
593561199008112510
154578207407070374
349637200711085964
469398191229416
926849201103780
405351191301148917
572993199501052772
314342195012053496
770333205503161523
728361270916908
795077760801669
899794360526064
931649200712270523
472588202412074834
